Run time: Tue Apr 12 22:54:27 2005

SAValidate.exe  Version 3
--- BEGIN Stability Computation --- 
gMembraneStress_MPa     	3.000000
gMembraneThickness_um   	1.000000
gMembraneTension_NByM   	3.000000
gMembraneRadius_mm      	7.500000
gVoltageT_V             	20.000000
gVoltageA_V             	9999.000000
gDistT_um               	30.000000
gDistA_um               	30.000000
gPeakDeformation_um     	0.000000
gEPS                    	0.001000
gNumberOfEigenFunctions 	12

--- Begin Vary-Peak-Deformation Simulation --- 
Peak Deformation:     5.00 um

Membrane shape:  BesselJ0
Membrane Shape Coeffs, MKS

0.000000035
0.000000000
0.000000000
0.000000000
0.000000000
0.000000000
0.000000000
0.000000000
0.000000000
0.000000000
0.000000000
0.000000000

Electrode Voltage Map
  0.000	  0.000	  0.000	  0.000	  0.000	  0.000	  0.000	  0.000	  0.000	  0.000	  0.000	  0.000	  0.000	  0.000	  0.000	  0.000	  0.000	  0.000	  0.000	  0.000	  0.000	  0.000	  0.000	  0.000	  0.000	  0.000	  0.000	  0.000	  0.000	  0.000	  0.000	  0.000	  0.000	  0.000	  0.000	  0.000	  0.000	  0.000	  0.000	  0.000	  0.000	  0.000	  0.000	  0.000	  0.000	  0.000	  0.000	  0.000	  0.000	  0.000	  0.000	  0.000	  0.000	  0.000	  0.000	
  0.000	 20.000	 20.000	 20.000	 20.000	 20.000	 20.000	 20.000	 20.000	 20.000	 20.000	 20.000	 20.000	 20.000	 20.000	 20.000	 20.000	 20.000	 20.000	 20.000	 20.000	 20.000	 20.000	 20.000	 20.003	 20.009	 20.013	 20.015	 20.015	 20.013	 20.009	 20.003	 20.000	 20.000	 20.000	 20.000	 20.000	 20.000	 20.000	 20.000	 20.000	 20.000	 20.000	 20.000	 20.000	 20.000	 20.000	 20.000	 20.000	 20.000	 20.000	 20.000	 20.000	 20.000	 20.000	
  0.000	 20.000	 20.000	 20.000	 20.000	 20.000	 20.000	 20.000	 20.000	 20.000	 20.000	 20.000	 20.000	 20.000	 20.000	 20.000	 20.000	 20.000	 20.000	 20.000	 20.011	 20.026	 20.038	 20.049	 20.057	 20.064	 20.068	 20.070	 20.070	 20.068	 20.064	 20.057	 20.049	 20.038	 20.026	 20.011	 20.000	 20.000	 20.000	 20.000	 20.000	 20.000	 20.000	 20.000	 20.000	 20.000	 20.000	 20.000	 20.000	 20.000	 20.000	 20.000	 20.000	 20.000	 20.000	
  0.000	 20.000	 20.000	 20.000	 20.000	 20.000	 20.000	 20.000	 20.000	 20.000	 20.000	 20.000	 20.000	 20.000	 20.000	 20.000	 20.000	 20.007	 20.028	 20.047	 20.064	 20.079	 20.092	 20.102	 20.111	 20.118	 20.122	 20.124	 20.124	 20.122	 20.118	 20.111	 20.102	 20.092	 20.079	 20.064	 20.047	 20.028	 20.007	 20.000	 20.000	 20.000	 20.000	 20.000	 20.000	 20.000	 20.000	 20.000	 20.000	 20.000	 20.000	 20.000	 20.000	 20.000	 20.000	
  0.000	 20.000	 20.000	 20.000	 20.000	 20.000	 20.000	 20.000	 20.000	 20.000	 20.000	 20.000	 20.000	 20.000	 20.000	 20.009	 20.034	 20.057	 20.079	 20.098	 20.115	 20.131	 20.144	 20.155	 20.164	 20.170	 20.175	 20.177	 20.177	 20.175	 20.170	 20.164	 20.155	 20.144	 20.131	 20.115	 20.098	 20.079	 20.057	 20.034	 20.009	 20.000	 20.000	 20.000	 20.000	 20.000	 20.000	 20.000	 20.000	 20.000	 20.000	 20.000	 20.000	 20.000	 20.000	
  0.000	 20.000	 20.000	 20.000	 20.000	 20.000	 20.000	 20.000	 20.000	 20.000	 20.000	 20.000	 20.000	 20.001	 20.030	 20.057	 20.083	 20.107	 20.128	 20.148	 20.166	 20.181	 20.194	 20.205	 20.214	 20.221	 20.225	 20.227	 20.227	 20.225	 20.221	 20.214	 20.205	 20.194	 20.181	 20.166	 20.148	 20.128	 20.107	 20.083	 20.057	 20.030	 20.001	 20.000	 20.000	 20.000	 20.000	 20.000	 20.000	 20.000	 20.000	 20.000	 20.000	 20.000	 20.000	
  0.000	 20.000	 20.000	 20.000	 20.000	 20.000	 20.000	 20.000	 20.000	 20.000	 20.000	 20.000	 20.015	 20.047	 20.076	 20.104	 20.131	 20.155	 20.177	 20.197	 20.214	 20.230	 20.243	 20.254	 20.262	 20.269	 20.273	 20.276	 20.276	 20.273	 20.269	 20.262	 20.254	 20.243	 20.230	 20.214	 20.197	 20.177	 20.155	 20.131	 20.104	 20.076	 20.047	 20.015	 20.000	 20.000	 20.000	 20.000	 20.000	 20.000	 20.000	 20.000	 20.000	 20.000	 20.000	
  0.000	 20.000	 20.000	 20.000	 20.000	 20.000	 20.000	 20.000	 20.000	 20.000	 20.000	 20.026	 20.059	 20.092	 20.122	 20.150	 20.177	 20.201	 20.223	 20.243	 20.260	 20.276	 20.288	 20.299	 20.308	 20.314	 20.318	 20.320	 20.320	 20.318	 20.314	 20.308	 20.299	 20.288	 20.276	 20.260	 20.243	 20.223	 20.201	 20.177	 20.150	 20.122	 20.092	 20.059	 20.026	 20.000	 20.000	 20.000	 20.000	 20.000	 20.000	 20.000	 20.000	 20.000	 20.000	
  0.000	 20.000	 20.000	 20.000	 20.000	 20.000	 20.000	 20.000	 20.000	 20.000	 20.032	 20.068	 20.102	 20.135	 20.166	 20.194	 20.221	 20.245	 20.267	 20.286	 20.303	 20.318	 20.331	 20.341	 20.350	 20.356	 20.360	 20.362	 20.362	 20.360	 20.356	 20.350	 20.341	 20.331	 20.318	 20.303	 20.286	 20.267	 20.245	 20.221	 20.194	 20.166	 20.135	 20.102	 20.068	 20.032	 20.000	 20.000	 20.000	 20.000	 20.000	 20.000	 20.000	 20.000	 20.000	
  0.000	 20.000	 20.000	 20.000	 20.000	 20.000	 20.000	 20.000	 20.000	 20.034	 20.072	 20.109	 20.144	 20.177	 20.208	 20.236	 20.262	 20.286	 20.308	 20.327	 20.343	 20.358	 20.370	 20.380	 20.388	 20.394	 20.397	 20.399	 20.399	 20.397	 20.394	 20.388	 20.380	 20.370	 20.358	 20.343	 20.327	 20.308	 20.286	 20.262	 20.236	 20.208	 20.177	 20.144	 20.109	 20.072	 20.034	 20.000	 20.000	 20.000	 20.000	 20.000	 20.000	 20.000	 20.000	
  0.000	 20.000	 20.000	 20.000	 20.000	 20.000	 20.000	 20.000	 20.032	 20.072	 20.111	 20.148	 20.183	 20.216	 20.247	 20.276	 20.301	 20.325	 20.346	 20.364	 20.380	 20.394	 20.405	 20.415	 20.422	 20.427	 20.431	 20.433	 20.433	 20.431	 20.427	 20.422	 20.415	 20.405	 20.394	 20.380	 20.364	 20.346	 20.325	 20.301	 20.276	 20.247	 20.216	 20.183	 20.148	 20.111	 20.072	 20.032	 20.000	 20.000	 20.000	 20.000	 20.000	 20.000	 20.000	
  0.000	 20.000	 20.000	 20.000	 20.000	 20.000	 20.000	 20.026	 20.068	 20.109	 20.148	 20.186	 20.221	 20.254	 20.284	 20.312	 20.337	 20.360	 20.380	 20.397	 20.413	 20.426	 20.436	 20.445	 20.452	 20.457	 20.460	 20.462	 20.462	 20.460	 20.457	 20.452	 20.445	 20.436	 20.426	 20.413	 20.397	 20.380	 20.360	 20.337	 20.312	 20.284	 20.254	 20.221	 20.186	 20.148	 20.109	 20.068	 20.026	 20.000	 20.000	 20.000	 20.000	 20.000	 20.000	
  0.000	 20.000	 20.000	 20.000	 20.000	 20.000	 20.015	 20.059	 20.102	 20.144	 20.183	 20.221	 20.256	 20.288	 20.318	 20.346	 20.370	 20.392	 20.411	 20.427	 20.442	 20.454	 20.464	 20.471	 20.478	 20.482	 20.485	 20.487	 20.487	 20.485	 20.482	 20.478	 20.471	 20.464	 20.454	 20.442	 20.427	 20.411	 20.392	 20.370	 20.346	 20.318	 20.288	 20.256	 20.221	 20.183	 20.144	 20.102	 20.059	 20.015	 20.000	 20.000	 20.000	 20.000	 20.000	
  0.000	 20.000	 20.000	 20.000	 20.000	 20.001	 20.047	 20.092	 20.135	 20.177	 20.216	 20.254	 20.288	 20.320	 20.350	 20.376	 20.399	 20.420	 20.438	 20.454	 20.467	 20.478	 20.487	 20.494	 20.499	 20.503	 20.506	 20.507	 20.507	 20.506	 20.503	 20.499	 20.494	 20.487	 20.478	 20.467	 20.454	 20.438	 20.420	 20.399	 20.376	 20.350	 20.320	 20.288	 20.254	 20.216	 20.177	 20.135	 20.092	 20.047	 20.001	 20.000	 20.000	 20.000	 20.000	
  0.000	 20.000	 20.000	 20.000	 20.000	 20.030	 20.076	 20.122	 20.166	 20.208	 20.247	 20.284	 20.318	 20.350	 20.378	 20.403	 20.426	 20.445	 20.462	 20.476	 20.488	 20.498	 20.506	 20.512	 20.517	 20.520	 20.523	 20.524	 20.524	 20.523	 20.520	 20.517	 20.512	 20.506	 20.498	 20.488	 20.476	 20.462	 20.445	 20.426	 20.403	 20.378	 20.350	 20.318	 20.284	 20.247	 20.208	 20.166	 20.122	 20.076	 20.030	 20.000	 20.000	 20.000	 20.000	
  0.000	 20.000	 20.000	 20.000	 20.009	 20.057	 20.104	 20.150	 20.194	 20.236	 20.276	 20.312	 20.346	 20.376	 20.403	 20.427	 20.449	 20.467	 20.482	 20.495	 20.506	 20.515	 20.521	 20.527	 20.531	 20.534	 20.535	 20.536	 20.536	 20.535	 20.534	 20.531	 20.527	 20.521	 20.515	 20.506	 20.495	 20.482	 20.467	 20.449	 20.427	 20.403	 20.376	 20.346	 20.312	 20.276	 20.236	 20.194	 20.150	 20.104	 20.057	 20.009	 20.000	 20.000	 20.000	
  0.000	 20.000	 20.000	 20.000	 20.034	 20.083	 20.131	 20.177	 20.221	 20.262	 20.301	 20.337	 20.370	 20.399	 20.426	 20.449	 20.468	 20.485	 20.499	 20.511	 20.520	 20.528	 20.534	 20.538	 20.541	 20.543	 20.545	 20.545	 20.545	 20.545	 20.543	 20.541	 20.538	 20.534	 20.528	 20.520	 20.511	 20.499	 20.485	 20.468	 20.449	 20.426	 20.399	 20.370	 20.337	 20.301	 20.262	 20.221	 20.177	 20.131	 20.083	 20.034	 20.000	 20.000	 20.000	
  0.000	 20.000	 20.000	 20.007	 20.057	 20.107	 20.155	 20.201	 20.245	 20.286	 20.325	 20.360	 20.392	 20.420	 20.445	 20.467	 20.485	 20.501	 20.513	 20.524	 20.532	 20.538	 20.543	 20.546	 20.549	 20.550	 20.551	 20.552	 20.552	 20.551	 20.550	 20.549	 20.546	 20.543	 20.538	 20.532	 20.524	 20.513	 20.501	 20.485	 20.467	 20.445	 20.420	 20.392	 20.360	 20.325	 20.286	 20.245	 20.201	 20.155	 20.107	 20.057	 20.007	 20.000	 20.000	
  0.000	 20.000	 20.000	 20.028	 20.079	 20.128	 20.177	 20.223	 20.267	 20.308	 20.346	 20.380	 20.411	 20.438	 20.462	 20.482	 20.499	 20.513	 20.525	 20.534	 20.540	 20.545	 20.549	 20.552	 20.553	 20.554	 20.555	 20.555	 20.555	 20.555	 20.554	 20.553	 20.552	 20.549	 20.545	 20.540	 20.534	 20.525	 20.513	 20.499	 20.482	 20.462	 20.438	 20.411	 20.380	 20.346	 20.308	 20.267	 20.223	 20.177	 20.128	 20.079	 20.028	 20.000	 20.000	
  0.000	 20.000	 20.000	 20.047	 20.098	 20.148	 20.197	 20.243	 20.286	 20.327	 20.364	 20.397	 20.427	 20.454	 20.476	 20.495	 20.511	 20.524	 20.534	 20.541	 20.547	 20.551	 20.553	 20.555	 20.556	 20.556	 20.556	 20.556	 20.556	 20.556	 20.556	 20.556	 20.555	 20.553	 20.551	 20.547	 20.541	 20.534	 20.524	 20.511	 20.495	 20.476	 20.454	 20.427	 20.397	 20.364	 20.327	 20.286	 20.243	 20.197	 20.148	 20.098	 20.047	 20.000	 20.000	
  0.000	 20.000	 20.011	 20.064	 20.115	 20.166	 20.214	 20.260	 20.303	 20.343	 20.380	 20.413	 20.442	 20.467	 20.488	 20.506	 20.520	 20.532	 20.540	 20.547	 20.551	 20.554	 20.555	 20.556	 20.556	 20.556	 20.556	 20.556	 20.556	 20.556	 20.556	 20.556	 20.556	 20.555	 20.554	 20.551	 20.547	 20.540	 20.532	 20.520	 20.506	 20.488	 20.467	 20.442	 20.413	 20.380	 20.343	 20.303	 20.260	 20.214	 20.166	 20.115	 20.064	 20.011	 20.000	
  0.000	 20.000	 20.026	 20.079	 20.131	 20.181	 20.230	 20.276	 20.318	 20.358	 20.394	 20.426	 20.454	 20.478	 20.498	 20.515	 20.528	 20.538	 20.545	 20.551	 20.554	 20.556	 20.556	 20.556	 20.556	 20.555	 20.554	 20.554	 20.554	 20.554	 20.555	 20.556	 20.556	 20.556	 20.556	 20.554	 20.551	 20.545	 20.538	 20.528	 20.515	 20.498	 20.478	 20.454	 20.426	 20.394	 20.358	 20.318	 20.276	 20.230	 20.181	 20.131	 20.079	 20.026	 20.000	
  0.000	 20.000	 20.038	 20.092	 20.144	 20.194	 20.243	 20.288	 20.331	 20.370	 20.405	 20.436	 20.464	 20.487	 20.506	 20.521	 20.534	 20.543	 20.549	 20.553	 20.555	 20.556	 20.556	 20.555	 20.554	 20.553	 20.552	 20.552	 20.552	 20.552	 20.553	 20.554	 20.555	 20.556	 20.556	 20.555	 20.553	 20.549	 20.543	 20.534	 20.521	 20.506	 20.487	 20.464	 20.436	 20.405	 20.370	 20.331	 20.288	 20.243	 20.194	 20.144	 20.092	 20.038	 20.000	
  0.000	 20.000	 20.049	 20.102	 20.155	 20.205	 20.254	 20.299	 20.341	 20.380	 20.415	 20.445	 20.471	 20.494	 20.512	 20.527	 20.538	 20.546	 20.552	 20.555	 20.556	 20.556	 20.555	 20.554	 20.552	 20.551	 20.549	 20.549	 20.549	 20.549	 20.551	 20.552	 20.554	 20.555	 20.556	 20.556	 20.555	 20.552	 20.546	 20.538	 20.527	 20.512	 20.494	 20.471	 20.445	 20.415	 20.380	 20.341	 20.299	 20.254	 20.205	 20.155	 20.102	 20.049	 20.000	
  0.000	 20.003	 20.057	 20.111	 20.164	 20.214	 20.262	 20.308	 20.350	 20.388	 20.422	 20.452	 20.478	 20.499	 20.517	 20.531	 20.541	 20.549	 20.553	 20.556	 20.556	 20.556	 20.554	 20.552	 20.550	 20.548	 20.547	 20.546	 20.546	 20.547	 20.548	 20.550	 20.552	 20.554	 20.556	 20.556	 20.556	 20.553	 20.549	 20.541	 20.531	 20.517	 20.499	 20.478	 20.452	 20.422	 20.388	 20.350	 20.308	 20.262	 20.214	 20.164	 20.111	 20.057	 20.003	
  0.000	 20.009	 20.064	 20.118	 20.170	 20.221	 20.269	 20.314	 20.356	 20.394	 20.427	 20.457	 20.482	 20.503	 20.520	 20.534	 20.543	 20.550	 20.554	 20.556	 20.556	 20.555	 20.553	 20.551	 20.548	 20.546	 20.545	 20.544	 20.544	 20.545	 20.546	 20.548	 20.551	 20.553	 20.555	 20.556	 20.556	 20.554	 20.550	 20.543	 20.534	 20.520	 20.503	 20.482	 20.457	 20.427	 20.394	 20.356	 20.314	 20.269	 20.221	 20.170	 20.118	 20.064	 20.009	
  0.000	 20.013	 20.068	 20.122	 20.175	 20.225	 20.273	 20.318	 20.360	 20.397	 20.431	 20.460	 20.485	 20.506	 20.523	 20.535	 20.545	 20.551	 20.555	 20.556	 20.556	 20.554	 20.552	 20.549	 20.547	 20.545	 20.543	 20.542	 20.542	 20.543	 20.545	 20.547	 20.549	 20.552	 20.554	 20.556	 20.556	 20.555	 20.551	 20.545	 20.535	 20.523	 20.506	 20.485	 20.460	 20.431	 20.397	 20.360	 20.318	 20.273	 20.225	 20.175	 20.122	 20.068	 20.013	
  0.000	 20.015	 20.070	 20.124	 20.177	 20.227	 20.276	 20.320	 20.362	 20.399	 20.433	 20.462	 20.487	 20.507	 20.524	 20.536	 20.545	 20.552	 20.555	 20.556	 20.556	 20.554	 20.552	 20.549	 20.546	 20.544	 20.542	 20.541	 20.541	 20.542	 20.544	 20.546	 20.549	 20.552	 20.554	 20.556	 20.556	 20.555	 20.552	 20.545	 20.536	 20.524	 20.507	 20.487	 20.462	 20.433	 20.399	 20.362	 20.320	 20.276	 20.227	 20.177	 20.124	 20.070	 20.015	
  0.000	 20.015	 20.070	 20.124	 20.177	 20.227	 20.276	 20.320	 20.362	 20.399	 20.433	 20.462	 20.487	 20.507	 20.524	 20.536	 20.545	 20.552	 20.555	 20.556	 20.556	 20.554	 20.552	 20.549	 20.546	 20.544	 20.542	 20.541	 20.541	 20.542	 20.544	 20.546	 20.549	 20.552	 20.554	 20.556	 20.556	 20.555	 20.552	 20.545	 20.536	 20.524	 20.507	 20.487	 20.462	 20.433	 20.399	 20.362	 20.320	 20.276	 20.227	 20.177	 20.124	 20.070	 20.015	
  0.000	 20.013	 20.068	 20.122	 20.175	 20.225	 20.273	 20.318	 20.360	 20.397	 20.431	 20.460	 20.485	 20.506	 20.523	 20.535	 20.545	 20.551	 20.555	 20.556	 20.556	 20.554	 20.552	 20.549	 20.547	 20.545	 20.543	 20.542	 20.542	 20.543	 20.545	 20.547	 20.549	 20.552	 20.554	 20.556	 20.556	 20.555	 20.551	 20.545	 20.535	 20.523	 20.506	 20.485	 20.460	 20.431	 20.397	 20.360	 20.318	 20.273	 20.225	 20.175	 20.122	 20.068	 20.013	
  0.000	 20.009	 20.064	 20.118	 20.170	 20.221	 20.269	 20.314	 20.356	 20.394	 20.427	 20.457	 20.482	 20.503	 20.520	 20.534	 20.543	 20.550	 20.554	 20.556	 20.556	 20.555	 20.553	 20.551	 20.548	 20.546	 20.545	 20.544	 20.544	 20.545	 20.546	 20.548	 20.551	 20.553	 20.555	 20.556	 20.556	 20.554	 20.550	 20.543	 20.534	 20.520	 20.503	 20.482	 20.457	 20.427	 20.394	 20.356	 20.314	 20.269	 20.221	 20.170	 20.118	 20.064	 20.009	
  0.000	 20.003	 20.057	 20.111	 20.164	 20.214	 20.262	 20.308	 20.350	 20.388	 20.422	 20.452	 20.478	 20.499	 20.517	 20.531	 20.541	 20.549	 20.553	 20.556	 20.556	 20.556	 20.554	 20.552	 20.550	 20.548	 20.547	 20.546	 20.546	 20.547	 20.548	 20.550	 20.552	 20.554	 20.556	 20.556	 20.556	 20.553	 20.549	 20.541	 20.531	 20.517	 20.499	 20.478	 20.452	 20.422	 20.388	 20.350	 20.308	 20.262	 20.214	 20.164	 20.111	 20.057	 20.003	
  0.000	 20.000	 20.049	 20.102	 20.155	 20.205	 20.254	 20.299	 20.341	 20.380	 20.415	 20.445	 20.471	 20.494	 20.512	 20.527	 20.538	 20.546	 20.552	 20.555	 20.556	 20.556	 20.555	 20.554	 20.552	 20.551	 20.549	 20.549	 20.549	 20.549	 20.551	 20.552	 20.554	 20.555	 20.556	 20.556	 20.555	 20.552	 20.546	 20.538	 20.527	 20.512	 20.494	 20.471	 20.445	 20.415	 20.380	 20.341	 20.299	 20.254	 20.205	 20.155	 20.102	 20.049	 20.000	
  0.000	 20.000	 20.038	 20.092	 20.144	 20.194	 20.243	 20.288	 20.331	 20.370	 20.405	 20.436	 20.464	 20.487	 20.506	 20.521	 20.534	 20.543	 20.549	 20.553	 20.555	 20.556	 20.556	 20.555	 20.554	 20.553	 20.552	 20.552	 20.552	 20.552	 20.553	 20.554	 20.555	 20.556	 20.556	 20.555	 20.553	 20.549	 20.543	 20.534	 20.521	 20.506	 20.487	 20.464	 20.436	 20.405	 20.370	 20.331	 20.288	 20.243	 20.194	 20.144	 20.092	 20.038	 20.000	
  0.000	 20.000	 20.026	 20.079	 20.131	 20.181	 20.230	 20.276	 20.318	 20.358	 20.394	 20.426	 20.454	 20.478	 20.498	 20.515	 20.528	 20.538	 20.545	 20.551	 20.554	 20.556	 20.556	 20.556	 20.556	 20.555	 20.554	 20.554	 20.554	 20.554	 20.555	 20.556	 20.556	 20.556	 20.556	 20.554	 20.551	 20.545	 20.538	 20.528	 20.515	 20.498	 20.478	 20.454	 20.426	 20.394	 20.358	 20.318	 20.276	 20.230	 20.181	 20.131	 20.079	 20.026	 20.000	
  0.000	 20.000	 20.011	 20.064	 20.115	 20.166	 20.214	 20.260	 20.303	 20.343	 20.380	 20.413	 20.442	 20.467	 20.488	 20.506	 20.520	 20.532	 20.540	 20.547	 20.551	 20.554	 20.555	 20.556	 20.556	 20.556	 20.556	 20.556	 20.556	 20.556	 20.556	 20.556	 20.556	 20.555	 20.554	 20.551	 20.547	 20.540	 20.532	 20.520	 20.506	 20.488	 20.467	 20.442	 20.413	 20.380	 20.343	 20.303	 20.260	 20.214	 20.166	 20.115	 20.064	 20.011	 20.000	
  0.000	 20.000	 20.000	 20.047	 20.098	 20.148	 20.197	 20.243	 20.286	 20.327	 20.364	 20.397	 20.427	 20.454	 20.476	 20.495	 20.511	 20.524	 20.534	 20.541	 20.547	 20.551	 20.553	 20.555	 20.556	 20.556	 20.556	 20.556	 20.556	 20.556	 20.556	 20.556	 20.555	 20.553	 20.551	 20.547	 20.541	 20.534	 20.524	 20.511	 20.495	 20.476	 20.454	 20.427	 20.397	 20.364	 20.327	 20.286	 20.243	 20.197	 20.148	 20.098	 20.047	 20.000	 20.000	
  0.000	 20.000	 20.000	 20.028	 20.079	 20.128	 20.177	 20.223	 20.267	 20.308	 20.346	 20.380	 20.411	 20.438	 20.462	 20.482	 20.499	 20.513	 20.525	 20.534	 20.540	 20.545	 20.549	 20.552	 20.553	 20.554	 20.555	 20.555	 20.555	 20.555	 20.554	 20.553	 20.552	 20.549	 20.545	 20.540	 20.534	 20.525	 20.513	 20.499	 20.482	 20.462	 20.438	 20.411	 20.380	 20.346	 20.308	 20.267	 20.223	 20.177	 20.128	 20.079	 20.028	 20.000	 20.000	
  0.000	 20.000	 20.000	 20.007	 20.057	 20.107	 20.155	 20.201	 20.245	 20.286	 20.325	 20.360	 20.392	 20.420	 20.445	 20.467	 20.485	 20.501	 20.513	 20.524	 20.532	 20.538	 20.543	 20.546	 20.549	 20.550	 20.551	 20.552	 20.552	 20.551	 20.550	 20.549	 20.546	 20.543	 20.538	 20.532	 20.524	 20.513	 20.501	 20.485	 20.467	 20.445	 20.420	 20.392	 20.360	 20.325	 20.286	 20.245	 20.201	 20.155	 20.107	 20.057	 20.007	 20.000	 20.000	
  0.000	 20.000	 20.000	 20.000	 20.034	 20.083	 20.131	 20.177	 20.221	 20.262	 20.301	 20.337	 20.370	 20.399	 20.426	 20.449	 20.468	 20.485	 20.499	 20.511	 20.520	 20.528	 20.534	 20.538	 20.541	 20.543	 20.545	 20.545	 20.545	 20.545	 20.543	 20.541	 20.538	 20.534	 20.528	 20.520	 20.511	 20.499	 20.485	 20.468	 20.449	 20.426	 20.399	 20.370	 20.337	 20.301	 20.262	 20.221	 20.177	 20.131	 20.083	 20.034	 20.000	 20.000	 20.000	
  0.000	 20.000	 20.000	 20.000	 20.009	 20.057	 20.104	 20.150	 20.194	 20.236	 20.276	 20.312	 20.346	 20.376	 20.403	 20.427	 20.449	 20.467	 20.482	 20.495	 20.506	 20.515	 20.521	 20.527	 20.531	 20.534	 20.535	 20.536	 20.536	 20.535	 20.534	 20.531	 20.527	 20.521	 20.515	 20.506	 20.495	 20.482	 20.467	 20.449	 20.427	 20.403	 20.376	 20.346	 20.312	 20.276	 20.236	 20.194	 20.150	 20.104	 20.057	 20.009	 20.000	 20.000	 20.000	
  0.000	 20.000	 20.000	 20.000	 20.000	 20.030	 20.076	 20.122	 20.166	 20.208	 20.247	 20.284	 20.318	 20.350	 20.378	 20.403	 20.426	 20.445	 20.462	 20.476	 20.488	 20.498	 20.506	 20.512	 20.517	 20.520	 20.523	 20.524	 20.524	 20.523	 20.520	 20.517	 20.512	 20.506	 20.498	 20.488	 20.476	 20.462	 20.445	 20.426	 20.403	 20.378	 20.350	 20.318	 20.284	 20.247	 20.208	 20.166	 20.122	 20.076	 20.030	 20.000	 20.000	 20.000	 20.000	
  0.000	 20.000	 20.000	 20.000	 20.000	 20.001	 20.047	 20.092	 20.135	 20.177	 20.216	 20.254	 20.288	 20.320	 20.350	 20.376	 20.399	 20.420	 20.438	 20.454	 20.467	 20.478	 20.487	 20.494	 20.499	 20.503	 20.506	 20.507	 20.507	 20.506	 20.503	 20.499	 20.494	 20.487	 20.478	 20.467	 20.454	 20.438	 20.420	 20.399	 20.376	 20.350	 20.320	 20.288	 20.254	 20.216	 20.177	 20.135	 20.092	 20.047	 20.001	 20.000	 20.000	 20.000	 20.000	
  0.000	 20.000	 20.000	 20.000	 20.000	 20.000	 20.015	 20.059	 20.102	 20.144	 20.183	 20.221	 20.256	 20.288	 20.318	 20.346	 20.370	 20.392	 20.411	 20.427	 20.442	 20.454	 20.464	 20.471	 20.478	 20.482	 20.485	 20.487	 20.487	 20.485	 20.482	 20.478	 20.471	 20.464	 20.454	 20.442	 20.427	 20.411	 20.392	 20.370	 20.346	 20.318	 20.288	 20.256	 20.221	 20.183	 20.144	 20.102	 20.059	 20.015	 20.000	 20.000	 20.000	 20.000	 20.000	
  0.000	 20.000	 20.000	 20.000	 20.000	 20.000	 20.000	 20.026	 20.068	 20.109	 20.148	 20.186	 20.221	 20.254	 20.284	 20.312	 20.337	 20.360	 20.380	 20.397	 20.413	 20.426	 20.436	 20.445	 20.452	 20.457	 20.460	 20.462	 20.462	 20.460	 20.457	 20.452	 20.445	 20.436	 20.426	 20.413	 20.397	 20.380	 20.360	 20.337	 20.312	 20.284	 20.254	 20.221	 20.186	 20.148	 20.109	 20.068	 20.026	 20.000	 20.000	 20.000	 20.000	 20.000	 20.000	
  0.000	 20.000	 20.000	 20.000	 20.000	 20.000	 20.000	 20.000	 20.032	 20.072	 20.111	 20.148	 20.183	 20.216	 20.247	 20.276	 20.301	 20.325	 20.346	 20.364	 20.380	 20.394	 20.405	 20.415	 20.422	 20.427	 20.431	 20.433	 20.433	 20.431	 20.427	 20.422	 20.415	 20.405	 20.394	 20.380	 20.364	 20.346	 20.325	 20.301	 20.276	 20.247	 20.216	 20.183	 20.148	 20.111	 20.072	 20.032	 20.000	 20.000	 20.000	 20.000	 20.000	 20.000	 20.000	
  0.000	 20.000	 20.000	 20.000	 20.000	 20.000	 20.000	 20.000	 20.000	 20.034	 20.072	 20.109	 20.144	 20.177	 20.208	 20.236	 20.262	 20.286	 20.308	 20.327	 20.343	 20.358	 20.370	 20.380	 20.388	 20.394	 20.397	 20.399	 20.399	 20.397	 20.394	 20.388	 20.380	 20.370	 20.358	 20.343	 20.327	 20.308	 20.286	 20.262	 20.236	 20.208	 20.177	 20.144	 20.109	 20.072	 20.034	 20.000	 20.000	 20.000	 20.000	 20.000	 20.000	 20.000	 20.000	
  0.000	 20.000	 20.000	 20.000	 20.000	 20.000	 20.000	 20.000	 20.000	 20.000	 20.032	 20.068	 20.102	 20.135	 20.166	 20.194	 20.221	 20.245	 20.267	 20.286	 20.303	 20.318	 20.331	 20.341	 20.350	 20.356	 20.360	 20.362	 20.362	 20.360	 20.356	 20.350	 20.341	 20.331	 20.318	 20.303	 20.286	 20.267	 20.245	 20.221	 20.194	 20.166	 20.135	 20.102	 20.068	 20.032	 20.000	 20.000	 20.000	 20.000	 20.000	 20.000	 20.000	 20.000	 20.000	
  0.000	 20.000	 20.000	 20.000	 20.000	 20.000	 20.000	 20.000	 20.000	 20.000	 20.000	 20.026	 20.059	 20.092	 20.122	 20.150	 20.177	 20.201	 20.223	 20.243	 20.260	 20.276	 20.288	 20.299	 20.308	 20.314	 20.318	 20.320	 20.320	 20.318	 20.314	 20.308	 20.299	 20.288	 20.276	 20.260	 20.243	 20.223	 20.201	 20.177	 20.150	 20.122	 20.092	 20.059	 20.026	 20.000	 20.000	 20.000	 20.000	 20.000	 20.000	 20.000	 20.000	 20.000	 20.000	
  0.000	 20.000	 20.000	 20.000	 20.000	 20.000	 20.000	 20.000	 20.000	 20.000	 20.000	 20.000	 20.015	 20.047	 20.076	 20.104	 20.131	 20.155	 20.177	 20.197	 20.214	 20.230	 20.243	 20.254	 20.262	 20.269	 20.273	 20.276	 20.276	 20.273	 20.269	 20.262	 20.254	 20.243	 20.230	 20.214	 20.197	 20.177	 20.155	 20.131	 20.104	 20.076	 20.047	 20.015	 20.000	 20.000	 20.000	 20.000	 20.000	 20.000	 20.000	 20.000	 20.000	 20.000	 20.000	
  0.000	 20.000	 20.000	 20.000	 20.000	 20.000	 20.000	 20.000	 20.000	 20.000	 20.000	 20.000	 20.000	 20.001	 20.030	 20.057	 20.083	 20.107	 20.128	 20.148	 20.166	 20.181	 20.194	 20.205	 20.214	 20.221	 20.225	 20.227	 20.227	 20.225	 20.221	 20.214	 20.205	 20.194	 20.181	 20.166	 20.148	 20.128	 20.107	 20.083	 20.057	 20.030	 20.001	 20.000	 20.000	 20.000	 20.000	 20.000	 20.000	 20.000	 20.000	 20.000	 20.000	 20.000	 20.000	
  0.000	 20.000	 20.000	 20.000	 20.000	 20.000	 20.000	 20.000	 20.000	 20.000	 20.000	 20.000	 20.000	 20.000	 20.000	 20.009	 20.034	 20.057	 20.079	 20.098	 20.115	 20.131	 20.144	 20.155	 20.164	 20.170	 20.175	 20.177	 20.177	 20.175	 20.170	 20.164	 20.155	 20.144	 20.131	 20.115	 20.098	 20.079	 20.057	 20.034	 20.009	 20.000	 20.000	 20.000	 20.000	 20.000	 20.000	 20.000	 20.000	 20.000	 20.000	 20.000	 20.000	 20.000	 20.000	
  0.000	 20.000	 20.000	 20.000	 20.000	 20.000	 20.000	 20.000	 20.000	 20.000	 20.000	 20.000	 20.000	 20.000	 20.000	 20.000	 20.000	 20.007	 20.028	 20.047	 20.064	 20.079	 20.092	 20.102	 20.111	 20.118	 20.122	 20.124	 20.124	 20.122	 20.118	 20.111	 20.102	 20.092	 20.079	 20.064	 20.047	 20.028	 20.007	 20.000	 20.000	 20.000	 20.000	 20.000	 20.000	 20.000	 20.000	 20.000	 20.000	 20.000	 20.000	 20.000	 20.000	 20.000	 20.000	
  0.000	 20.000	 20.000	 20.000	 20.000	 20.000	 20.000	 20.000	 20.000	 20.000	 20.000	 20.000	 20.000	 20.000	 20.000	 20.000	 20.000	 20.000	 20.000	 20.000	 20.011	 20.026	 20.038	 20.049	 20.057	 20.064	 20.068	 20.070	 20.070	 20.068	 20.064	 20.057	 20.049	 20.038	 20.026	 20.011	 20.000	 20.000	 20.000	 20.000	 20.000	 20.000	 20.000	 20.000	 20.000	 20.000	 20.000	 20.000	 20.000	 20.000	 20.000	 20.000	 20.000	 20.000	 20.000	
  0.000	 20.000	 20.000	 20.000	 20.000	 20.000	 20.000	 20.000	 20.000	 20.000	 20.000	 20.000	 20.000	 20.000	 20.000	 20.000	 20.000	 20.000	 20.000	 20.000	 20.000	 20.000	 20.000	 20.000	 20.003	 20.009	 20.013	 20.015	 20.015	 20.013	 20.009	 20.003	 20.000	 20.000	 20.000	 20.000	 20.000	 20.000	 20.000	 20.000	 20.000	 20.000	 20.000	 20.000	 20.000	  0.000	  0.000	  0.000	  0.000	  0.000	  0.000	  0.000	  0.000	  0.000	  0.000	

TestMembraneExpansion: r_mm,xi_um,del2(xi)_MKS
  0.000	  5.000	 -0.514	
  0.288	  4.990	 -0.513	
  0.577	  4.958	 -0.510	
  0.865	  4.905	 -0.504	
  1.154	  4.831	 -0.497	
  1.442	  4.737	 -0.487	
  1.731	  4.623	 -0.475	
  2.019	  4.490	 -0.462	
  2.308	  4.339	 -0.446	
  2.596	  4.171	 -0.429	
  2.885	  3.987	 -0.410	
  3.173	  3.788	 -0.389	
  3.462	  3.575	 -0.368	
  3.750	  3.350	 -0.344	
  4.038	  3.114	 -0.320	
  4.327	  2.868	 -0.295	
  4.615	  2.615	 -0.269	
  4.904	  2.355	 -0.242	
  5.192	  2.091	 -0.215	
  5.481	  1.824	 -0.188	
  5.769	  1.555	 -0.160	
  6.058	  1.286	 -0.132	
  6.346	  1.019	 -0.105	
  6.635	  0.755	 -0.078	
  6.923	  0.496	 -0.051	
  7.212	  0.244	 -0.025	
  7.500	  0.000	  0.000	

MatrixASum (discr.)
306276.734	993.484	13395.658	-7909.704	2734.790	-423.586	545.489	-1062.276	794.035	-612.081	686.777	-400.396	
993.484	318891.374	-11613.333	18467.884	-9023.366	3304.537	-1636.000	1692.277	-1449.322	1018.974	-1234.526	865.444	
13395.658	-11613.333	323693.086	-12904.705	19052.166	-10229.994	4445.255	-2024.245	1629.056	-843.248	1210.634	-1138.636	
-7909.704	18467.884	-12904.705	324211.039	-14139.805	20199.792	-10619.428	4377.192	-2199.945	355.588	-755.401	1053.461	
2734.790	-9023.366	19052.166	-14139.805	325323.883	-14581.386	20152.427	-10797.074	4954.163	 37.566	203.236	-598.983	
-423.586	3304.537	-10229.994	20199.792	-14581.386	325242.355	-14817.798	20735.907	-11357.442	-178.986	193.616	  5.447	
545.489	-1636.000	4445.255	-10619.428	20152.427	-14817.798	325816.573	-15368.280	20942.748	194.718	-379.662	407.052	
-1062.276	1692.277	-2024.245	4377.192	-10797.074	20735.907	-15368.280	326027.655	-15367.525	-230.765	412.942	-483.212	
794.035	-1449.322	1629.056	-2199.945	4954.163	-11357.442	20942.748	-15367.525	326130.397	257.196	-338.135	321.622	
-612.081	1018.974	-843.248	355.588	 37.566	-178.986	194.718	-230.765	257.196	305547.297	-8528.007	17205.874	
686.777	-1234.526	1210.634	-755.401	203.236	193.616	-379.662	412.942	-338.135	-8528.007	321582.731	-13407.142	
-400.396	865.444	-1138.636	1053.461	-598.983	  5.447	407.052	-483.212	321.622	17205.874	-13407.142	323258.432	

Omega Matrix
2204.625	-993.484	-13395.657	7909.704	-2734.790	423.586	-545.489	1062.276	-794.035	612.081	-686.777	400.396	
-993.484	1306196.625	11613.333	-18467.885	9023.366	-3304.538	1636.000	-1692.277	1449.322	-1018.974	1234.526	-865.444	
-13395.657	11613.333	3670532.500	12904.705	-19052.166	10229.994	-4445.255	2024.245	-1629.056	843.248	-1210.634	1138.636	
7909.704	-18467.885	12904.705	7091856.500	14139.805	-20199.791	10619.428	-4377.192	2199.945	-355.588	755.401	-1053.461	
-2734.790	9023.366	-19052.166	14139.805	11564530.000	14581.386	-20152.428	10797.074	-4954.163	-37.566	-203.236	598.983	
423.586	-3304.538	10229.994	-20199.791	14581.386	17091346.000	14817.799	-20735.906	11357.441	178.986	-193.616	 -5.447	
-545.489	1636.000	-4445.255	10619.428	-20152.428	14817.799	23671462.000	15368.280	-20942.748	-194.718	379.662	-407.052	
1062.276	-1692.277	2024.245	-4377.192	10797.074	-20735.906	15368.280	31304302.000	15367.525	230.765	-412.942	483.212	
-794.035	1449.322	-1629.056	2199.945	-4954.163	11357.441	-20942.748	15367.525	39989600.000	-257.196	338.135	-321.622	
612.081	-1018.974	843.248	-355.588	-37.566	178.986	-194.718	230.765	-257.196	477611.406	8528.008	-17205.873	
-686.777	1234.526	-1210.634	755.401	-203.236	-193.616	379.662	-412.942	338.135	8528.008	2303711.000	13407.142	
400.396	-865.444	1138.636	-1053.461	598.983	 -5.447	-407.052	483.212	-321.622	-17205.873	13407.142	5196205.000	

Omega Matrix -- Eigenvalues

1306071.625000
2144.990723
477504.656250
2303690.500000
3670536.000000
5196331.000000
7091882.500000
11564550.000000
17091372.000000
23671484.000000
31304334.000000
39989652.000000

Omega Matrix -- Eigenvectors
 -0.001	  1.000	  0.001	 -0.000	  0.004	  0.000	  0.001	  0.000	 -0.000	  0.000	  0.000	  0.000	
  1.000	  0.001	  0.001	  0.001	 -0.005	 -0.000	 -0.003	 -0.001	  0.000	 -0.000	 -0.000	 -0.000	
 -0.005	  0.004	 -0.000	  0.001	 -1.000	  0.001	  0.004	  0.002	 -0.001	  0.000	  0.000	  0.000	
  0.003	 -0.001	  0.000	 -0.000	  0.004	  0.001	  1.000	 -0.003	  0.002	 -0.001	 -0.000	 -0.000	
 -0.001	  0.000	  0.000	  0.000	 -0.002	 -0.000	 -0.003	 -1.000	 -0.003	  0.002	  0.001	  0.000	
  0.000	 -0.000	 -0.000	  0.000	  0.001	  0.000	  0.002	  0.003	 -1.000	 -0.002	 -0.001	 -0.000	
 -0.000	  0.000	  0.000	 -0.000	 -0.000	  0.000	 -0.001	 -0.002	  0.002	 -1.000	  0.002	  0.001	
  0.000	 -0.000	 -0.000	  0.000	  0.000	 -0.000	  0.000	  0.001	 -0.001	  0.002	  1.000	 -0.002	
 -0.000	  0.000	  0.000	 -0.000	 -0.000	  0.000	 -0.000	 -0.000	  0.000	 -0.001	 -0.002	 -1.000	
 -0.001	 -0.001	  1.000	  0.005	 -0.000	 -0.004	 -0.000	  0.000	 -0.000	  0.000	  0.000	  0.000	
 -0.001	  0.000	 -0.005	  1.000	  0.001	  0.005	  0.000	  0.000	  0.000	 -0.000	 -0.000	 -0.000	
  0.000	 -0.000	  0.004	 -0.005	  0.001	  1.000	 -0.001	 -0.000	  0.000	  0.000	  0.000	  0.000	

Product Matrix (Omega Eigenvectors):  E*E^T
  1.000	  0.000	 -0.000	 -0.000	 -0.000	 -0.000	  0.000	  0.000	  0.000	  0.000	  0.000	  0.000	
  0.000	  1.000	  0.000	 -0.000	 -0.000	 -0.000	 -0.000	 -0.000	 -0.000	  0.000	 -0.000	  0.000	
 -0.000	  0.000	  1.000	 -0.000	 -0.000	  0.000	 -0.000	 -0.000	  0.000	  0.000	 -0.000	  0.000	
 -0.000	 -0.000	 -0.000	  1.000	  0.000	  0.000	  0.000	  0.000	  0.000	  0.000	  0.000	  0.000	
 -0.000	 -0.000	 -0.000	  0.000	  1.000	  0.000	  0.000	  0.000	 -0.000	  0.000	 -0.000	  0.000	
 -0.000	 -0.000	  0.000	  0.000	  0.000	  1.000	 -0.000	 -0.000	 -0.000	  0.000	  0.000	 -0.000	
  0.000	 -0.000	 -0.000	  0.000	  0.000	 -0.000	  1.000	  0.000	  0.000	 -0.000	  0.000	  0.000	
  0.000	 -0.000	 -0.000	  0.000	  0.000	 -0.000	  0.000	  1.000	 -0.000	 -0.000	 -0.000	 -0.000	
  0.000	 -0.000	  0.000	  0.000	 -0.000	 -0.000	  0.000	 -0.000	  1.000	 -0.000	 -0.000	  0.000	
  0.000	  0.000	  0.000	  0.000	  0.000	  0.000	 -0.000	 -0.000	 -0.000	  1.000	 -0.000	  0.000	
  0.000	 -0.000	 -0.000	  0.000	 -0.000	  0.000	  0.000	 -0.000	 -0.000	 -0.000	  1.000	 -0.000	
  0.000	  0.000	  0.000	  0.000	  0.000	 -0.000	  0.000	 -0.000	  0.000	  0.000	 -0.000	  1.000	

Product Matrix (Membrane Eigenfunctions) E*E^T
  1.000	  0.000	 -0.000	  0.000	 -0.000	  0.000	 -0.000	  0.000	 -0.000	  0.000	  0.000	  0.000	
  0.000	  1.000	 -0.000	  0.000	 -0.000	  0.000	 -0.000	  0.000	 -0.000	  0.000	  0.000	  0.000	
 -0.000	 -0.000	  1.000	 -0.000	 -0.000	  0.000	 -0.000	  0.000	 -0.000	  0.000	  0.000	  0.000	
  0.000	  0.000	 -0.000	  1.000	  0.000	 -0.000	  0.000	 -0.000	  0.000	  0.000	  0.000	  0.000	
 -0.000	 -0.000	 -0.000	  0.000	  1.000	  0.000	  0.000	 -0.000	  0.000	  0.000	  0.000	  0.000	
  0.000	  0.000	  0.000	 -0.000	  0.000	  1.000	 -0.000	  0.000	 -0.000	  0.000	  0.000	  0.000	
 -0.000	 -0.000	 -0.000	  0.000	  0.000	 -0.000	  1.000	 -0.000	  0.000	  0.000	  0.000	  0.000	
  0.000	  0.000	  0.000	 -0.000	 -0.000	  0.000	 -0.000	  1.000	  0.000	  0.000	  0.000	  0.000	
 -0.000	 -0.000	 -0.000	  0.000	  0.000	 -0.000	  0.000	  0.000	  1.000	  0.000	  0.000	  0.000	
  0.000	  0.000	  0.000	  0.000	  0.000	  0.000	  0.000	  0.000	  0.000	  1.000	  0.000	 -0.000	
  0.000	  0.000	  0.000	  0.000	  0.000	  0.000	  0.000	  0.000	  0.000	  0.000	  1.000	  0.000	
  0.000	  0.000	  0.000	  0.000	  0.000	  0.000	  0.000	  0.000	  0.000	 -0.000	  0.000	  1.000	

Peak Deformation:    10.00 um

Membrane shape:  BesselJ0
Membrane Shape Coeffs, MKS

0.000000069
0.000000000
0.000000000
0.000000000
0.000000000
0.000000000
0.000000000
0.000000000
0.000000000
0.000000000
0.000000000
0.000000000

Electrode Voltage Map
  0.000	  0.000	  0.000	  0.000	  0.000	  0.000	  0.000	  0.000	  0.000	  0.000	  0.000	  0.000	  0.000	  0.000	  0.000	  0.000	  0.000	  0.000	  0.000	  0.000	  0.000	  0.000	  0.000	  0.000	  0.000	  0.000	  0.000	  0.000	  0.000	  0.000	  0.000	  0.000	  0.000	  0.000	  0.000	  0.000	  0.000	  0.000	  0.000	  0.000	  0.000	  0.000	  0.000	  0.000	  0.000	  0.000	  0.000	  0.000	  0.000	  0.000	  0.000	  0.000	  0.000	  0.000	  0.000	
  0.000	 20.000	 20.000	 20.000	 20.000	 20.000	 20.000	 20.000	 20.000	 20.000	 20.000	 20.000	 20.000	 20.000	 20.000	 20.000	 20.000	 20.000	 20.000	 20.000	 20.000	 20.000	 20.000	 20.000	 20.006	 20.018	 20.026	 20.030	 20.030	 20.026	 20.018	 20.006	 20.000	 20.000	 20.000	 20.000	 20.000	 20.000	 20.000	 20.000	 20.000	 20.000	 20.000	 20.000	 20.000	 20.000	 20.000	 20.000	 20.000	 20.000	 20.000	 20.000	 20.000	 20.000	 20.000	
  0.000	 20.000	 20.000	 20.000	 20.000	 20.000	 20.000	 20.000	 20.000	 20.000	 20.000	 20.000	 20.000	 20.000	 20.000	 20.000	 20.000	 20.000	 20.000	 20.000	 20.022	 20.051	 20.075	 20.096	 20.112	 20.124	 20.132	 20.136	 20.136	 20.132	 20.124	 20.112	 20.096	 20.075	 20.051	 20.022	 20.000	 20.000	 20.000	 20.000	 20.000	 20.000	 20.000	 20.000	 20.000	 20.000	 20.000	 20.000	 20.000	 20.000	 20.000	 20.000	 20.000	 20.000	 20.000	
  0.000	 20.000	 20.000	 20.000	 20.000	 20.000	 20.000	 20.000	 20.000	 20.000	 20.000	 20.000	 20.000	 20.000	 20.000	 20.000	 20.000	 20.014	 20.055	 20.092	 20.124	 20.153	 20.177	 20.196	 20.212	 20.224	 20.232	 20.236	 20.236	 20.232	 20.224	 20.212	 20.196	 20.177	 20.153	 20.124	 20.092	 20.055	 20.014	 20.000	 20.000	 20.000	 20.000	 20.000	 20.000	 20.000	 20.000	 20.000	 20.000	 20.000	 20.000	 20.000	 20.000	 20.000	 20.000	
  0.000	 20.000	 20.000	 20.000	 20.000	 20.000	 20.000	 20.000	 20.000	 20.000	 20.000	 20.000	 20.000	 20.000	 20.000	 20.018	 20.067	 20.112	 20.153	 20.189	 20.220	 20.247	 20.270	 20.289	 20.303	 20.314	 20.321	 20.325	 20.325	 20.321	 20.314	 20.303	 20.289	 20.270	 20.247	 20.220	 20.189	 20.153	 20.112	 20.067	 20.018	 20.000	 20.000	 20.000	 20.000	 20.000	 20.000	 20.000	 20.000	 20.000	 20.000	 20.000	 20.000	 20.000	 20.000	
  0.000	 20.000	 20.000	 20.000	 20.000	 20.000	 20.000	 20.000	 20.000	 20.000	 20.000	 20.000	 20.000	 20.002	 20.059	 20.112	 20.161	 20.204	 20.243	 20.277	 20.307	 20.332	 20.353	 20.370	 20.383	 20.393	 20.399	 20.402	 20.402	 20.399	 20.393	 20.383	 20.370	 20.353	 20.332	 20.307	 20.277	 20.243	 20.204	 20.161	 20.112	 20.059	 20.002	 20.000	 20.000	 20.000	 20.000	 20.000	 20.000	 20.000	 20.000	 20.000	 20.000	 20.000	 20.000	
  0.000	 20.000	 20.000	 20.000	 20.000	 20.000	 20.000	 20.000	 20.000	 20.000	 20.000	 20.000	 20.030	 20.092	 20.149	 20.200	 20.247	 20.289	 20.325	 20.356	 20.383	 20.405	 20.423	 20.438	 20.449	 20.457	 20.462	 20.465	 20.465	 20.462	 20.457	 20.449	 20.438	 20.423	 20.405	 20.383	 20.356	 20.325	 20.289	 20.247	 20.200	 20.149	 20.092	 20.030	 20.000	 20.000	 20.000	 20.000	 20.000	 20.000	 20.000	 20.000	 20.000	 20.000	 20.000	
  0.000	 20.000	 20.000	 20.000	 20.000	 20.000	 20.000	 20.000	 20.000	 20.000	 20.000	 20.051	 20.116	 20.177	 20.232	 20.281	 20.325	 20.363	 20.396	 20.423	 20.446	 20.465	 20.480	 20.492	 20.500	 20.506	 20.510	 20.512	 20.512	 20.510	 20.506	 20.500	 20.492	 20.480	 20.465	 20.446	 20.423	 20.396	 20.363	 20.325	 20.281	 20.232	 20.177	 20.116	 20.051	 20.000	 20.000	 20.000	 20.000	 20.000	 20.000	 20.000	 20.000	 20.000	 20.000	
  0.000	 20.000	 20.000	 20.000	 20.000	 20.000	 20.000	 20.000	 20.000	 20.000	 20.063	 20.132	 20.196	 20.255	 20.307	 20.353	 20.393	 20.426	 20.455	 20.478	 20.496	 20.510	 20.521	 20.529	 20.535	 20.539	 20.542	 20.543	 20.543	 20.542	 20.539	 20.535	 20.529	 20.521	 20.510	 20.496	 20.478	 20.455	 20.426	 20.393	 20.353	 20.307	 20.255	 20.196	 20.132	 20.063	 20.000	 20.000	 20.000	 20.000	 20.000	 20.000	 20.000	 20.000	 20.000	
  0.000	 20.000	 20.000	 20.000	 20.000	 20.000	 20.000	 20.000	 20.000	 20.067	 20.141	 20.208	 20.270	 20.325	 20.373	 20.414	 20.449	 20.478	 20.500	 20.518	 20.531	 20.540	 20.547	 20.551	 20.553	 20.555	 20.555	 20.556	 20.556	 20.555	 20.555	 20.553	 20.551	 20.547	 20.540	 20.531	 20.518	 20.500	 20.478	 20.449	 20.414	 20.373	 20.325	 20.270	 20.208	 20.141	 20.067	 20.000	 20.000	 20.000	 20.000	 20.000	 20.000	 20.000	 20.000	
  0.000	 20.000	 20.000	 20.000	 20.000	 20.000	 20.000	 20.000	 20.063	 20.141	 20.212	 20.277	 20.335	 20.386	 20.429	 20.465	 20.494	 20.516	 20.532	 20.544	 20.551	 20.555	 20.556	 20.556	 20.555	 20.553	 20.552	 20.551	 20.551	 20.552	 20.553	 20.555	 20.556	 20.556	 20.555	 20.551	 20.544	 20.532	 20.516	 20.494	 20.465	 20.429	 20.386	 20.335	 20.277	 20.212	 20.141	 20.063	 20.000	 20.000	 20.000	 20.000	 20.000	 20.000	 20.000	
  0.000	 20.000	 20.000	 20.000	 20.000	 20.000	 20.000	 20.051	 20.132	 20.208	 20.277	 20.339	 20.393	 20.438	 20.475	 20.504	 20.526	 20.542	 20.551	 20.555	 20.556	 20.554	 20.550	 20.544	 20.539	 20.535	 20.531	 20.530	 20.530	 20.531	 20.535	 20.539	 20.544	 20.550	 20.554	 20.556	 20.555	 20.551	 20.542	 20.526	 20.504	 20.475	 20.438	 20.393	 20.339	 20.277	 20.208	 20.132	 20.051	 20.000	 20.000	 20.000	 20.000	 20.000	 20.000	
  0.000	 20.000	 20.000	 20.000	 20.000	 20.000	 20.030	 20.116	 20.196	 20.270	 20.335	 20.393	 20.441	 20.480	 20.510	 20.532	 20.547	 20.554	 20.556	 20.553	 20.547	 20.538	 20.528	 20.518	 20.508	 20.501	 20.495	 20.492	 20.492	 20.495	 20.501	 20.508	 20.518	 20.528	 20.538	 20.547	 20.553	 20.556	 20.554	 20.547	 20.532	 20.510	 20.480	 20.441	 20.393	 20.335	 20.270	 20.196	 20.116	 20.030	 20.000	 20.000	 20.000	 20.000	 20.000	
  0.000	 20.000	 20.000	 20.000	 20.000	 20.002	 20.092	 20.177	 20.255	 20.325	 20.386	 20.438	 20.480	 20.512	 20.535	 20.549	 20.556	 20.555	 20.549	 20.538	 20.524	 20.508	 20.492	 20.477	 20.463	 20.452	 20.444	 20.440	 20.440	 20.444	 20.452	 20.463	 20.477	 20.492	 20.508	 20.524	 20.538	 20.549	 20.555	 20.556	 20.549	 20.535	 20.512	 20.480	 20.438	 20.386	 20.325	 20.255	 20.177	 20.092	 20.002	 20.000	 20.000	 20.000	 20.000	
  0.000	 20.000	 20.000	 20.000	 20.000	 20.059	 20.149	 20.232	 20.307	 20.373	 20.429	 20.475	 20.510	 20.535	 20.550	 20.556	 20.554	 20.544	 20.530	 20.511	 20.489	 20.466	 20.444	 20.423	 20.405	 20.390	 20.380	 20.375	 20.375	 20.380	 20.390	 20.405	 20.423	 20.444	 20.466	 20.489	 20.511	 20.530	 20.544	 20.554	 20.556	 20.550	 20.535	 20.510	 20.475	 20.429	 20.373	 20.307	 20.232	 20.149	 20.059	 20.000	 20.000	 20.000	 20.000	
  0.000	 20.000	 20.000	 20.000	 20.018	 20.112	 20.200	 20.281	 20.353	 20.414	 20.465	 20.504	 20.532	 20.549	 20.556	 20.553	 20.542	 20.524	 20.501	 20.473	 20.444	 20.414	 20.385	 20.359	 20.336	 20.318	 20.306	 20.299	 20.299	 20.306	 20.318	 20.336	 20.359	 20.385	 20.414	 20.444	 20.473	 20.501	 20.524	 20.542	 20.553	 20.556	 20.549	 20.532	 20.504	 20.465	 20.414	 20.353	 20.281	 20.200	 20.112	 20.018	 20.000	 20.000	 20.000	
