Run time: Mon Apr 18 19:41:13 2005

SAValidate.exe  Version 3
---Test Small Amplitude Stability---
Membrane shape:  BesselJ0
Membrane Shape Coeffs, MKS

0.000000000
0.000000000
0.000000000
0.000000000
0.000000000
0.000000000

SetElectrodeArrayVoltage executed.
gMembraneStress_MPa     	3.000000
gMembraneThickness_um   	1.000000
gMembraneTension_NByM   	3.000000
gMembraneRadius_mm      	7.500000
gVoltageT_V             	0.000000
gVoltageA_V             	0.000000
gDistT_um               	30.000000
gDistA_um               	30.000000
gPeakDeformation_um     	0.000000
gEPS                    	0.001000
gNumberOfEigenFunctions 	6

Omega Matrix (Discrete Sum)
308481.34375000	0.00000000	0.00000000	0.00000000	0.00000000	0.00000000	
0.00000000	1625088.00000000	0.00000000	0.00000000	0.00000000	0.00000000	
0.00000000	0.00000000	3994225.50000000	0.00000000	0.00000000	0.00000000	
0.00000000	0.00000000	0.00000000	7416067.50000000	0.00000000	0.00000000	
0.00000000	0.00000000	0.00000000	0.00000000	11889854.00000000	0.00000000	
0.00000000	0.00000000	0.00000000	0.00000000	0.00000000	17416588.00000000	

Omega Matrix -- Eigenvalues

308481.343750
1625088.000000
3994225.500000
7416067.500000
11889854.000000
17416588.000000

SetElectrodeArrayVoltage executed.
gMembraneStress_MPa     	3.000000
gMembraneThickness_um   	1.000000
gMembraneTension_NByM   	3.000000
gMembraneRadius_mm      	7.500000
gVoltageT_V             	0.000000
gVoltageA_V             	1.578947
gDistT_um               	30.000000
gDistA_um               	30.000000
gPeakDeformation_um     	0.000000
gEPS                    	0.001000
gNumberOfEigenFunctions 	6

Omega Matrix (Discrete Sum)
307663.62500000	1.01910639	-1.29000640	1.13453102	-0.67071205	0.10228283	
1.01910639	1624268.62500000	2.72478867	-2.40417218	1.48857403	-0.36461338	
-1.29000640	2.72478867	3993405.00000000	3.00441384	-1.99052405	0.71275944	
1.13453102	-2.40417218	3.00441384	7415247.50000000	2.14352465	-1.17001116	
-0.67071205	1.48857403	-1.99052405	2.14352465	11889035.00000000	1.68923557	
0.10228283	-0.36461338	0.71275944	-1.17001116	1.68923557	17415768.00000000	

Omega Matrix -- Eigenvalues

307663.531250
1624268.625000
3993405.000000
7415246.500000
11889038.000000
17415768.000000

SetElectrodeArrayVoltage executed.
gMembraneStress_MPa     	3.000000
gMembraneThickness_um   	1.000000
gMembraneTension_NByM   	3.000000
gMembraneRadius_mm      	7.500000
gVoltageT_V             	0.000000
gVoltageA_V             	3.157895
gDistT_um               	30.000000
gDistA_um               	30.000000
gPeakDeformation_um     	0.000000
gEPS                    	0.001000
gNumberOfEigenFunctions 	6

Omega Matrix (Discrete Sum)
305210.43750000	4.07642555	-5.16002560	4.53812408	-2.68284822	0.40913132	
4.07642555	1621810.50000000	10.89915466	-9.61668873	5.95429611	-1.45845354	
-5.16002560	10.89915466	3990943.75000000	12.01765537	-7.96209621	2.85103774	
4.53812408	-9.61668873	12.01765537	7412787.00000000	8.57409859	-4.68004465	
-2.68284822	5.95429611	-7.96209621	8.57409859	11886577.00000000	6.75694227	
0.40913132	-1.45845354	2.85103774	-4.68004465	6.75694227	17413312.00000000	

Omega Matrix -- Eigenvalues

305210.312500
1621810.125000
3990943.750000
7412787.000000
11886579.000000
17413312.000000

SetElectrodeArrayVoltage executed.
gMembraneStress_MPa     	3.000000
gMembraneThickness_um   	1.000000
gMembraneTension_NByM   	3.000000
gMembraneRadius_mm      	7.500000
gVoltageT_V             	0.000000
gVoltageA_V             	4.736842
gDistT_um               	30.000000
gDistA_um               	30.000000
gPeakDeformation_um     	0.000000
gEPS                    	0.001000
gNumberOfEigenFunctions 	6

Omega Matrix (Discrete Sum)
301121.84375000	9.17195702	-11.61005688	10.21077919	-6.03640842	0.92054540	
9.17195702	1617713.75000000	24.52309608	-21.63754845	13.39716625	-3.28152013	
-11.61005688	24.52309608	3986841.75000000	27.03972435	-17.91471481	6.41483450	
10.21077919	-21.63754845	27.03972435	7408686.50000000	19.29172134	-10.53010082	
-6.03640842	13.39716625	-17.91471481	19.29172134	11882480.00000000	15.20311928	
0.92054540	-3.28152013	6.41483450	-10.53010082	15.20311928	17409216.00000000	

Omega Matrix -- Eigenvalues

301121.812500
1617713.500000
3986841.000000
7408685.000000
11882479.000000
17409216.000000

SetElectrodeArrayVoltage executed.
gMembraneStress_MPa     	3.000000
gMembraneThickness_um   	1.000000
gMembraneTension_NByM   	3.000000
gMembraneRadius_mm      	7.500000
gVoltageT_V             	0.000000
gVoltageA_V             	6.315790
gDistT_um               	30.000000
gDistA_um               	30.000000
gPeakDeformation_um     	0.000000
gEPS                    	0.001000
gNumberOfEigenFunctions 	6

Omega Matrix (Discrete Sum)
295397.78125000	16.30570221	-20.64010239	18.15249634	-10.73139286	1.63652527	
16.30570221	1611978.12500000	43.59661865	-38.46675491	23.81718445	-5.83381414	
-20.64010239	43.59661865	3981098.75000000	48.07062149	-31.84838486	11.40415096	
18.15249634	-38.46675491	48.07062149	7402946.00000000	34.29639435	-18.72017860	
-10.73139286	23.81718445	-31.84838486	34.29639435	11876745.00000000	27.02776909	
1.63652527	-5.83381414	11.40415096	-18.72017860	27.02776909	17403482.00000000	

Omega Matrix -- Eigenvalues

295397.968750
1611978.875000
3981098.750000
7402947.500000
11876748.000000
17403482.000000

SetElectrodeArrayVoltage executed.
gMembraneStress_MPa     	3.000000
gMembraneThickness_um   	1.000000
gMembraneTension_NByM   	3.000000
gMembraneRadius_mm      	7.500000
gVoltageT_V             	0.000000
gVoltageA_V             	7.894737
gDistT_um               	30.000000
gDistA_um               	30.000000
gPeakDeformation_um     	0.000000
gEPS                    	0.001000
gNumberOfEigenFunctions 	6

Omega Matrix (Discrete Sum)
288038.25000000	25.47766113	-32.25016022	28.36327744	-16.76780319	2.55707073	
25.47766113	1604603.75000000	68.11972046	-60.10430908	37.21435165	-9.11533451	
-32.25016022	68.11972046	3973715.00000000	75.11035156	-49.76310349	17.81898499	
28.36327744	-60.10430908	75.11035156	7395565.00000000	53.58811951	-29.25028229	
-16.76780319	37.21435165	-49.76310349	53.58811951	11869371.00000000	42.23089218	
2.55707073	-9.11533451	17.81898499	-29.25028229	42.23089218	17396108.00000000	

Omega Matrix -- Eigenvalues

288038.000000
1604603.250000
3973715.750000
7395566.500000
11869373.000000
17396108.000000

SetElectrodeArrayVoltage executed.
gMembraneStress_MPa     	3.000000
gMembraneThickness_um   	1.000000
gMembraneTension_NByM   	3.000000
gMembraneRadius_mm      	7.500000
gVoltageT_V             	0.000000
gVoltageA_V             	9.473685
gDistT_um               	30.000000
gDistA_um               	30.000000
gPeakDeformation_um     	0.000000
gEPS                    	0.001000
gNumberOfEigenFunctions 	6

Omega Matrix (Discrete Sum)
279043.31250000	36.68782806	-46.44022751	40.84311676	-24.14563370	3.68218160	
36.68782806	1595590.75000000	98.09238434	-86.55019379	53.58866501	-13.12608051	
-46.44022751	98.09238434	3964690.50000000	108.15889740	-71.65885925	25.65933800	
40.84311676	-86.55019379	108.15889740	7386544.00000000	77.16688538	-42.12040329	
-24.14563370	53.58866501	-71.65885925	77.16688538	11860358.00000000	60.81247711	
3.68218160	-13.12608051	25.65933800	-42.12040329	60.81247711	17387098.00000000	

Omega Matrix -- Eigenvalues

279043.281250
1595590.125000
3964691.000000
7386544.000000
11860357.000000
17387098.000000

SetElectrodeArrayVoltage executed.
gMembraneStress_MPa     	3.000000
gMembraneThickness_um   	1.000000
gMembraneTension_NByM   	3.000000
gMembraneRadius_mm      	7.500000
gVoltageT_V             	0.000000
gVoltageA_V             	11.052632
gDistT_um               	30.000000
gDistA_um               	30.000000
gPeakDeformation_um     	0.000000
gEPS                    	0.001000
gNumberOfEigenFunctions 	6

Omega Matrix (Discrete Sum)
268412.87500000	49.93621826	-63.21031952	55.59202576	-32.86489487	5.01185894	
49.93621826	1584939.00000000	133.51464844	-117.80445099	72.94013214	-17.86605644	
-63.21031952	133.51464844	3954025.00000000	147.21629333	-97.53568268	34.92521286	
55.59202576	-117.80445099	147.21629333	7375882.50000000	105.03271484	-57.33055496	
-32.86489487	72.94013214	-97.53568268	105.03271484	11849707.00000000	82.77255249	
5.01185894	-17.86605644	34.92521286	-57.33055496	82.77255249	17376448.00000000	

Omega Matrix -- Eigenvalues

268412.937500
1584939.125000
3954024.750000
7375884.000000
11849706.000000
17376448.000000

SetElectrodeArrayVoltage executed.
gMembraneStress_MPa     	3.000000
gMembraneThickness_um   	1.000000
gMembraneTension_NByM   	3.000000
gMembraneRadius_mm      	7.500000
gVoltageT_V             	0.000000
gVoltageA_V             	12.631579
gDistT_um               	30.000000
gDistA_um               	30.000000
gPeakDeformation_um     	0.000000
gEPS                    	0.001000
gNumberOfEigenFunctions 	6

Omega Matrix (Discrete Sum)
256147.03125000	65.22280884	-82.56040955	72.60998535	-42.92557144	6.54610109	
65.22280884	1572648.50000000	174.38647461	-153.86701965	95.26873779	-23.33525658	
-82.56040955	174.38647461	3941718.75000000	192.28248596	-127.39353943	45.61660385	
72.60998535	-153.86701965	192.28248596	7363581.00000000	137.18557739	-74.88071442	
-42.92557144	95.26873779	-127.39353943	137.18557739	11837417.00000000	108.11107635	
6.54610109	-23.33525658	45.61660385	-74.88071442	108.11107635	17364160.00000000	

Omega Matrix -- Eigenvalues

256147.140625
1572648.375000
3941717.250000
7363580.000000
11837414.000000
17364160.000000

SetElectrodeArrayVoltage executed.
gMembraneStress_MPa     	3.000000
gMembraneThickness_um   	1.000000
gMembraneTension_NByM   	3.000000
gMembraneRadius_mm      	7.500000
gVoltageT_V             	0.000000
gVoltageA_V             	14.210527
gDistT_um               	30.000000
gDistA_um               	30.000000
gPeakDeformation_um     	0.000000
gEPS                    	0.001000
gNumberOfEigenFunctions 	6

Omega Matrix (Discrete Sum)
242245.73437500	82.54761505	-104.49051666	91.89701080	-54.32767487	8.28490829	
82.54761505	1558719.25000000	220.70787048	-194.73794556	120.57449341	-29.53368187	
-104.49051666	220.70787048	3927771.75000000	243.35751343	-161.23243713	57.73350906	
91.89701080	-194.73794556	243.35751343	7349639.50000000	173.62548828	-94.77090454	
-54.32767487	120.57449341	-161.23243713	173.62548828	11823489.00000000	136.82807922	
8.28490829	-29.53368187	57.73350906	-94.77090454	136.82807922	17350234.00000000	

Omega Matrix -- Eigenvalues

242245.890625
1558720.000000
3927772.250000
7349640.000000
11823494.000000
17350234.000000

SetElectrodeArrayVoltage executed.
gMembraneStress_MPa     	3.000000
gMembraneThickness_um   	1.000000
gMembraneTension_NByM   	3.000000
gMembraneRadius_mm      	7.500000
gVoltageT_V             	0.000000
gVoltageA_V             	15.789474
gDistT_um               	30.000000
gDistA_um               	30.000000
gPeakDeformation_um     	0.000000
gEPS                    	0.001000
gNumberOfEigenFunctions 	6

Omega Matrix (Discrete Sum)
226708.98437500	101.91064453	-129.00064087	113.45310974	-67.07121277	10.22828293	
101.91064453	1543151.25000000	272.47888184	-240.41723633	148.85740662	-36.46133804	
-129.00064087	272.47888184	3912183.75000000	300.44140625	-199.05241394	71.27593994	
113.45310974	-240.41723633	300.44140625	7334057.50000000	214.35247803	-117.00112915	
-67.07121277	148.85740662	-199.05241394	214.35247803	11807922.00000000	168.92356873	
10.22828293	-36.46133804	71.27593994	-117.00112915	168.92356873	17334670.00000000	

Omega Matrix -- Eigenvalues

226708.937500
1543151.500000
3912184.750000
7334060.000000
11807925.000000
17334670.000000

SetElectrodeArrayVoltage executed.
gMembraneStress_MPa     	3.000000
gMembraneThickness_um   	1.000000
gMembraneTension_NByM   	3.000000
gMembraneRadius_mm      	7.500000
gVoltageT_V             	0.000000
gVoltageA_V             	17.368422
gDistT_um               	30.000000
gDistA_um               	30.000000
gPeakDeformation_um     	0.000000
gEPS                    	0.001000
gNumberOfEigenFunctions 	6

Omega Matrix (Discrete Sum)
209536.78125000	123.31187439	-156.09077454	137.27825928	-81.15615845	12.37622166	
123.31187439	1525944.50000000	329.69943237	-290.90484619	180.11746216	-44.11821747	
-156.09077454	329.69943237	3894955.00000000	363.53408813	-240.85340881	86.24388885	
137.27825928	-290.90484619	363.53408813	7316835.50000000	259.36648560	-141.57135010	
-81.15615845	180.11746216	-240.85340881	259.36648560	11790716.00000000	204.39750671	
12.37622166	-44.11821747	86.24388885	-141.57135010	204.39750671	17317468.00000000	

Omega Matrix -- Eigenvalues

209536.828125
1525944.250000
3894954.000000
7316836.000000
11790709.000000
17317468.000000

SetElectrodeArrayVoltage executed.
gMembraneStress_MPa     	3.000000
gMembraneThickness_um   	1.000000
gMembraneTension_NByM   	3.000000
gMembraneRadius_mm      	7.500000
gVoltageT_V             	0.000000
gVoltageA_V             	18.947369
gDistT_um               	30.000000
gDistA_um               	30.000000
gPeakDeformation_um     	0.000000
gEPS                    	0.001000
gNumberOfEigenFunctions 	6

Omega Matrix (Discrete Sum)
190729.15625000	146.75131226	-185.76091003	163.37246704	-96.58253479	14.72872639	
146.75131226	1507099.00000000	392.36953735	-346.20077515	214.35466003	-52.50432205	
-185.76091003	392.36953735	3876085.25000000	432.63558960	-286.63543701	102.63735199	
163.37246704	-346.20077515	432.63558960	7297973.50000000	308.66754150	-168.48161316	
-96.58253479	214.35466003	-286.63543701	308.66754150	11771872.00000000	243.24990845	
14.72872639	-52.50432205	102.63735199	-168.48161316	243.24990845	17298626.00000000	

Omega Matrix -- Eigenvalues

190729.171875
1507099.125000
3876085.000000
7297973.000000
11771871.000000
17298626.000000

SetElectrodeArrayVoltage executed.
gMembraneStress_MPa     	3.000000
gMembraneThickness_um   	1.000000
gMembraneTension_NByM   	3.000000
gMembraneRadius_mm      	7.500000
gVoltageT_V             	0.000000
gVoltageA_V             	20.526317
gDistT_um               	30.000000
gDistA_um               	30.000000
gPeakDeformation_um     	0.000000
gEPS                    	0.001000
gNumberOfEigenFunctions 	6

Omega Matrix (Discrete Sum)
170286.07812500	172.22897339	-218.01106262	191.73573303	-113.35033417	17.28579712	
172.22897339	1486614.87500000	460.48925781	-406.30508423	251.56900024	-61.61965561	
-218.01106262	460.48925781	3855574.75000000	507.74591064	-336.39852905	120.45632935	
191.73573303	-406.30508423	507.74591064	7277471.00000000	362.25564575	-197.73187256	
-113.35033417	251.56900024	-336.39852905	362.25564575	11751389.00000000	285.48080444	
17.28579712	-61.61965561	120.45632935	-197.73187256	285.48080444	17278148.00000000	

Omega Matrix -- Eigenvalues

170286.078125
1486615.000000
3855575.500000
7277471.500000
11751388.000000
17278148.000000

SetElectrodeArrayVoltage executed.
gMembraneStress_MPa     	3.000000
gMembraneThickness_um   	1.000000
gMembraneTension_NByM   	3.000000
gMembraneRadius_mm      	7.500000
gVoltageT_V             	0.000000
gVoltageA_V             	22.105264
gDistT_um               	30.000000
gDistA_um               	30.000000
gPeakDeformation_um     	0.000000
gEPS                    	0.001000
gNumberOfEigenFunctions 	6

Omega Matrix (Discrete Sum)
148207.51562500	199.74487305	-252.84127808	222.36810303	-131.45957947	20.04743576	
199.74487305	1464491.87500000	534.05859375	-471.21780396	291.76052856	-71.46422577	
-252.84127808	534.05859375	3833423.50000000	588.86517334	-390.14273071	139.70085144	
222.36810303	-471.21780396	588.86517334	7255328.50000000	420.13085938	-229.32221985	
-131.45957947	291.76052856	-390.14273071	420.13085938	11729267.00000000	331.09020996	
20.04743576	-71.46422577	139.70085144	-229.32221985	331.09020996	17256030.00000000	

Omega Matrix -- Eigenvalues

148207.328125
1464491.125000
3833422.750000
7255329.000000
11729268.000000
17256030.000000

SetElectrodeArrayVoltage executed.
gMembraneStress_MPa     	3.000000
gMembraneThickness_um   	1.000000
gMembraneTension_NByM   	3.000000
gMembraneRadius_mm      	7.500000
gVoltageT_V             	0.000000
gVoltageA_V             	23.684211
gDistT_um               	30.000000
gDistA_um               	30.000000
gPeakDeformation_um     	0.000000
gEPS                    	0.001000
gNumberOfEigenFunctions 	6

Omega Matrix (Discrete Sum)
124493.53125000	229.29895020	-290.25146484	255.26950073	-150.91021729	23.01363754	
229.29895020	1440730.25000000	613.07745361	-540.93878174	334.92916870	-82.03800964	
-290.25146484	613.07745361	3809631.50000000	675.99316406	-447.86791992	160.37086487	
255.26950073	-540.93878174	675.99316406	7231545.50000000	482.29306030	-263.25253296	
-150.91021729	334.92916870	-447.86791992	482.29306030	11705507.00000000	380.07803345	
23.01363754	-82.03800964	160.37086487	-263.25253296	380.07803345	17232274.00000000	

Omega Matrix -- Eigenvalues

124493.414062
1440729.375000
3809630.000000
7231544.500000
11705506.000000
17232274.000000

SetElectrodeArrayVoltage executed.
gMembraneStress_MPa     	3.000000
gMembraneThickness_um   	1.000000
gMembraneTension_NByM   	3.000000
gMembraneRadius_mm      	7.500000
gVoltageT_V             	0.000000
gVoltageA_V             	25.263159
gDistT_um               	30.000000
gDistA_um               	30.000000
gPeakDeformation_um     	0.000000
gEPS                    	0.001000
gNumberOfEigenFunctions 	6

Omega Matrix (Discrete Sum)
99144.10937500	260.89123535	-330.24163818	290.43994141	-171.70228577	26.18440437	
260.89123535	1415329.87500000	697.54589844	-615.46807861	381.07495117	-93.34102631	
-330.24163818	697.54589844	3784198.50000000	769.12994385	-509.57415771	182.46641541	
290.43994141	-615.46807861	769.12994385	7206122.50000000	548.74230957	-299.52285767	
-171.70228577	381.07495117	-509.57415771	548.74230957	11680108.00000000	432.44430542	
26.18440437	-93.34102631	182.46641541	-299.52285767	432.44430542	17206878.00000000	

Omega Matrix -- Eigenvalues

99143.984375
1415329.500000
3784198.250000
7206122.000000
11680110.000000
17206878.000000

SetElectrodeArrayVoltage executed.
gMembraneStress_MPa     	3.000000
gMembraneThickness_um   	1.000000
gMembraneTension_NByM   	3.000000
gMembraneRadius_mm      	7.500000
gVoltageT_V             	0.000000
gVoltageA_V             	26.842106
gDistT_um               	30.000000
gDistA_um               	30.000000
gPeakDeformation_um     	0.000000
gEPS                    	0.001000
gNumberOfEigenFunctions 	6

Omega Matrix (Discrete Sum)
72159.23437500	294.52175903	-372.81185913	327.87945557	-193.83578491	29.55973625	
294.52175903	1388290.75000000	787.46392822	-694.80578613	430.19790649	-105.37326050	
-372.81185913	787.46392822	3757124.75000000	868.27557373	-575.26141357	205.98745728	
327.87945557	-694.80578613	868.27557373	7179059.50000000	619.47857666	-338.13323975	
-193.83578491	430.19790649	-575.26141357	619.47857666	11653070.00000000	488.18908691	
29.55973625	-105.37326050	205.98745728	-338.13323975	488.18908691	17179846.00000000	

Omega Matrix -- Eigenvalues

72159.234375
1388290.500000
3757124.750000
7179058.500000
11653070.000000
17179846.000000

SetElectrodeArrayVoltage executed.
gMembraneStress_MPa     	3.000000
gMembraneThickness_um   	1.000000
gMembraneTension_NByM   	3.000000
gMembraneRadius_mm      	7.500000
gVoltageT_V             	0.000000
gVoltageA_V             	28.421054
gDistT_um               	30.000000
gDistA_um               	30.000000
gPeakDeformation_um     	0.000000
gEPS                    	0.001000
gNumberOfEigenFunctions 	6

Omega Matrix (Discrete Sum)
43538.90625000	330.19046021	-417.96206665	367.58804321	-217.31069946	33.13963318	
330.19046021	1359612.87500000	882.83148193	-778.95178223	482.29797363	-118.13472748	
-417.96206665	882.83148193	3728410.00000000	973.43005371	-644.92974854	230.93403625	
367.58804321	-778.95178223	973.43005371	7150356.00000000	694.50195312	-379.08361816	
-217.31069946	482.29797363	-644.92974854	694.50195312	11624394.00000000	547.31231689	
33.13963318	-118.13472748	230.93403625	-379.08361816	547.31231689	17151174.00000000	

Omega Matrix -- Eigenvalues

43538.621094
1359612.500000
3728410.000000
7150356.000000
11624392.000000
17151174.000000

SetElectrodeArrayVoltage executed.
gMembraneStress_MPa     	3.000000
gMembraneThickness_um   	1.000000
gMembraneTension_NByM   	3.000000
gMembraneRadius_mm      	7.500000
gVoltageT_V             	0.000000
gVoltageA_V             	30.000001
gDistT_um               	30.000000
gDistA_um               	30.000000
gPeakDeformation_um     	0.000000
gEPS                    	0.001000
gNumberOfEigenFunctions 	6

Omega Matrix (Discrete Sum)
13283.12500000	367.89743042	-465.69235229	409.56573486	-242.12707520	36.92410278	
367.89743042	1329296.25000000	983.64874268	-867.90625000	537.37524414	-131.62544250	
-465.69235229	983.64874268	3698054.50000000	1084.59350586	-718.57922363	257.30615234	
409.56573486	-867.90625000	1084.59350586	7120012.00000000	773.81243896	-422.37408447	
-242.12707520	537.37524414	-718.57922363	773.81243896	11594079.00000000	609.81408691	
36.92410278	-131.62544250	257.30615234	-422.37408447	609.81408691	17120866.00000000	

Omega Matrix -- Eigenvalues

13282.834961
1329295.625000
3698053.500000
7120012.500000
11594079.000000
17120866.000000

SetElectrodeArrayVoltage executed.
gMembraneStress_MPa     	3.000000
gMembraneThickness_um   	1.000000
gMembraneTension_NByM   	3.000000
gMembraneRadius_mm      	7.500000
gVoltageT_V             	1.578947
gVoltageA_V             	0.000000
gDistT_um               	30.000000
gDistA_um               	30.000000
gPeakDeformation_um     	0.000000
gEPS                    	0.001000
gNumberOfEigenFunctions 	6

Omega Matrix (Discrete Sum)
307639.37500000	43.60977173	-41.30342865	24.89218521	-8.66152954	1.41445279	
43.60977173	1624191.12500000	81.44113159	-57.36199188	28.49619865	-10.53728008	
-41.30342865	81.44113159	3993312.25000000	85.27659607	-59.29220963	32.33646774	
24.89218521	-57.36199188	85.27659607	7415152.00000000	89.09886932	-62.93264008	
-8.66152954	28.49619865	-59.29220963	89.09886932	11888935.00000000	90.45089722	
1.41445279	-10.53728008	32.33646774	-62.93264008	90.45089722	17415670.00000000	

Omega Matrix -- Eigenvalues

307639.375000
1624190.750000
3993311.500000
7415154.000000
11888934.000000
17415670.000000

SetElectrodeArrayVoltage executed.
gMembraneStress_MPa     	3.000000
gMembraneThickness_um   	1.000000
gMembraneTension_NByM   	3.000000
gMembraneRadius_mm      	7.500000
gVoltageT_V             	1.578947
gVoltageA_V             	1.578947
gDistT_um               	30.000000
gDistA_um               	30.000000
gPeakDeformation_um     	0.000000
gEPS                    	0.001000
gNumberOfEigenFunctions 	6

Omega Matrix (Discrete Sum)
306821.65625000	44.62887955	-42.59343338	26.02671623	-9.33224201	1.51673567	
44.62887955	1623371.75000000	84.16592407	-59.76616287	29.98477364	-10.90189266	
-42.59343338	84.16592407	3992491.75000000	88.28101349	-61.28273392	33.04922867	
26.02671623	-59.76616287	88.28101349	7414332.00000000	91.24239349	-64.10265350	
-9.33224201	29.98477364	-61.28273392	91.24239349	11888116.00000000	92.14013672	
1.51673567	-10.90189266	33.04922867	-64.10265350	92.14013672	17414850.00000000	

Omega Matrix -- Eigenvalues

306821.625000
1623371.000000
3992492.000000
7414331.000000
11888115.000000
17414850.000000

SetElectrodeArrayVoltage executed.
gMembraneStress_MPa     	3.000000
gMembraneThickness_um   	1.000000
gMembraneTension_NByM   	3.000000
gMembraneRadius_mm      	7.500000
gVoltageT_V             	1.578947
gVoltageA_V             	3.157895
gDistT_um               	30.000000
gDistA_um               	30.000000
gPeakDeformation_um     	0.000000
gEPS                    	0.001000
gNumberOfEigenFunctions 	6

Omega Matrix (Discrete Sum)
304368.46875000	47.68619919	-46.46345520	29.43030930	-11.34437752	1.82358420	
47.68619919	1620913.62500000	92.34028625	-66.97868347	34.45049667	-11.99573326	
-46.46345520	92.34028625	3990030.50000000	97.29425812	-67.25431061	35.18750381	
29.43030930	-66.97868347	97.29425812	7411872.00000000	97.67296600	-67.61268616	
-11.34437752	34.45049667	-67.25431061	97.67296600	11885658.00000000	97.20783997	
1.82358420	-11.99573326	35.18750381	-67.61268616	97.20783997	17412392.00000000	

Omega Matrix -- Eigenvalues

304368.468750
1620914.125000
3990032.000000
7411875.000000
11885661.000000
17412392.000000

SetElectrodeArrayVoltage executed.
gMembraneStress_MPa     	3.000000
gMembraneThickness_um   	1.000000
gMembraneTension_NByM   	3.000000
gMembraneRadius_mm      	7.500000
gVoltageT_V             	1.578947
gVoltageA_V             	4.736842
gDistT_um               	30.000000
gDistA_um               	30.000000
gPeakDeformation_um     	0.000000
gEPS                    	0.001000
gNumberOfEigenFunctions 	6

Omega Matrix (Discrete Sum)
300279.84375000	52.78173065	-52.91348648	35.10296249	-14.69793797	2.33499813	
52.78173065	1616816.87500000	105.96423340	-78.99954224	41.89336395	-13.81879997	
-52.91348648	105.96423340	3985928.50000000	112.31632233	-77.20692444	38.75130081	
35.10296249	-78.99954224	112.31632233	7407771.50000000	108.39059448	-73.46273804	
-14.69793797	41.89336395	-77.20692444	108.39059448	11881561.00000000	105.65402222	
2.33499813	-13.81879997	38.75130081	-73.46273804	105.65402222	17408296.00000000	

Omega Matrix -- Eigenvalues

300279.906250
1616817.750000
3985928.500000
7407773.000000
11881562.000000
17408296.000000

SetElectrodeArrayVoltage executed.
gMembraneStress_MPa     	3.000000
gMembraneThickness_um   	1.000000
gMembraneTension_NByM   	3.000000
gMembraneRadius_mm      	7.500000
gVoltageT_V             	1.578947
gVoltageA_V             	6.315790
gDistT_um               	30.000000
gDistA_um               	30.000000
gPeakDeformation_um     	0.000000
gEPS                    	0.001000
gNumberOfEigenFunctions 	6

Omega Matrix (Discrete Sum)
294555.78125000	59.91547394	-61.94353104	43.04468155	-19.39292336	3.05097818	
59.91547394	1611081.25000000	125.03775024	-95.82875061	52.31338501	-16.37109375	
-61.94353104	125.03775024	3980185.50000000	133.34722900	-91.14059448	43.74061966	
43.04468155	-95.82875061	133.34722900	7402030.50000000	123.39526367	-81.65281677	
-19.39292336	52.31338501	-91.14059448	123.39526367	11875826.00000000	117.47866821	
3.05097818	-16.37109375	43.74061966	-81.65281677	117.47866821	17402562.00000000	

Omega Matrix -- Eigenvalues

294555.781250
1611082.375000
3980185.750000
7402032.500000
11875828.000000
17402562.000000

SetElectrodeArrayVoltage executed.
gMembraneStress_MPa     	3.000000
gMembraneThickness_um   	1.000000
gMembraneTension_NByM   	3.000000
gMembraneRadius_mm      	7.500000
gVoltageT_V             	1.578947
gVoltageA_V             	7.894737
gDistT_um               	30.000000
gDistA_um               	30.000000
gPeakDeformation_um     	0.000000
gEPS                    	0.001000
gNumberOfEigenFunctions 	6

Omega Matrix (Discrete Sum)
287196.28125000	69.08743286	-73.55358887	53.25546265	-25.42933273	3.97152352	
69.08743286	1603707.00000000	149.56085205	-117.46630096	65.71054840	-19.65261459	
-73.55358887	149.56085205	3972801.75000000	160.38694763	-109.05531311	50.15545273	
53.25546265	-117.46630096	160.38694763	7394649.50000000	142.68698120	-92.18292236	
-25.42933273	65.71054840	-109.05531311	142.68698120	11868452.00000000	132.68179321	
3.97152352	-19.65261459	50.15545273	-92.18292236	132.68179321	17395190.00000000	

Omega Matrix -- Eigenvalues

287196.281250
1603707.500000
3972801.500000
7394651.500000
11868448.000000
17395190.000000

SetElectrodeArrayVoltage executed.
gMembraneStress_MPa     	3.000000
gMembraneThickness_um   	1.000000
gMembraneTension_NByM   	3.000000
gMembraneRadius_mm      	7.500000
gVoltageT_V             	1.578947
gVoltageA_V             	9.473685
gDistT_um               	30.000000
gDistA_um               	30.000000
gPeakDeformation_um     	0.000000
gEPS                    	0.001000
gNumberOfEigenFunctions 	6

Omega Matrix (Discrete Sum)
278201.31250000	80.29759979	-87.74365997	65.73529816	-32.80716324	5.09663439	
80.29759979	1594693.87500000	179.53352356	-143.91218567	82.08486176	-23.66336060	
-87.74365997	179.53352356	3963777.25000000	193.43550110	-130.95108032	57.99580383	
65.73529816	-143.91218567	193.43550110	7385628.50000000	166.26574707	-105.05303955	
-32.80716324	82.08486176	-130.95108032	166.26574707	11859439.00000000	151.26338196	
5.09663439	-23.66336060	57.99580383	-105.05303955	151.26338196	17386178.00000000	

Omega Matrix -- Eigenvalues

278201.406250
1594695.000000
3963779.250000
7385631.500000
11859440.000000
17386178.000000

SetElectrodeArrayVoltage executed.
gMembraneStress_MPa     	3.000000
gMembraneThickness_um   	1.000000
gMembraneTension_NByM   	3.000000
gMembraneRadius_mm      	7.500000
gVoltageT_V             	1.578947
gVoltageA_V             	11.052632
gDistT_um               	30.000000
gDistA_um               	30.000000
gPeakDeformation_um     	0.000000
gEPS                    	0.001000
gNumberOfEigenFunctions 	6

Omega Matrix (Discrete Sum)
267570.90625000	93.54598999	-104.51374817	80.48420715	-41.52642441	6.42631149	
93.54598999	1584042.12500000	214.95578003	-175.16644287	101.43633270	-28.40333557	
-104.51374817	214.95578003	3953111.75000000	232.49288940	-156.82789612	67.26168060	
80.48420715	-175.16644287	232.49288940	7374967.50000000	194.13159180	-120.26319122	
-41.52642441	101.43633270	-156.82789612	194.13159180	11848788.00000000	173.22344971	
6.42631149	-28.40333557	67.26168060	-120.26319122	173.22344971	17375530.00000000	

Omega Matrix -- Eigenvalues

267570.937500
1584041.625000
3953112.000000
7374969.500000
11848790.000000
17375530.000000

SetElectrodeArrayVoltage executed.
gMembraneStress_MPa     	3.000000
gMembraneThickness_um   	1.000000
gMembraneTension_NByM   	3.000000
gMembraneRadius_mm      	7.500000
gVoltageT_V             	1.578947
gVoltageA_V             	12.631579
gDistT_um               	30.000000
gDistA_um               	30.000000
gPeakDeformation_um     	0.000000
gEPS                    	0.001000
gNumberOfEigenFunctions 	6

Omega Matrix (Discrete Sum)
255305.06250000	108.83258057	-123.86383820	97.50217438	-51.58710098	7.96055365	
108.83258057	1571751.62500000	255.82760620	-211.22901917	123.76493835	-33.87253571	
-123.86383820	255.82760620	3940805.50000000	277.55908203	-186.68574524	77.95307159	
97.50217438	-211.22901917	277.55908203	7362666.00000000	226.28445435	-137.81335449	
-51.58710098	123.76493835	-186.68574524	226.28445435	11836498.00000000	198.56198120	
7.96055365	-33.87253571	77.95307159	-137.81335449	198.56198120	17363242.00000000	

Omega Matrix -- Eigenvalues

255305.109375
1571751.875000
3940805.250000
7362666.500000
11836494.000000
17363242.000000

SetElectrodeArrayVoltage executed.
gMembraneStress_MPa     	3.000000
gMembraneThickness_um   	1.000000
gMembraneTension_NByM   	3.000000
gMembraneRadius_mm      	7.500000
gVoltageT_V             	1.578947
gVoltageA_V             	14.210527
gDistT_um               	30.000000
gDistA_um               	30.000000
gPeakDeformation_um     	0.000000
gEPS                    	0.001000
gNumberOfEigenFunctions 	6

Omega Matrix (Discrete Sum)
241403.76562500	126.15738678	-145.79394531	116.78919220	-62.98920441	9.69936180	
126.15738678	1557822.37500000	302.14901733	-252.09992981	149.07069397	-40.07096100	
-145.79394531	302.14901733	3926858.25000000	328.63412476	-220.52464294	90.06997681	
116.78919220	-252.09992981	328.63412476	7348724.00000000	262.72436523	-157.70353699	
-62.98920441	149.07069397	-220.52464294	262.72436523	11822570.00000000	227.27897644	
9.69936180	-40.07096100	90.06997681	-157.70353699	227.27897644	17349316.00000000	

Omega Matrix -- Eigenvalues

241403.750000
1557822.500000
3926858.750000
7348727.000000
11822568.000000
17349316.000000

SetElectrodeArrayVoltage executed.
gMembraneStress_MPa     	3.000000
gMembraneThickness_um   	1.000000
gMembraneTension_NByM   	3.000000
gMembraneRadius_mm      	7.500000
gVoltageT_V             	1.578947
gVoltageA_V             	15.789474
gDistT_um               	30.000000
gDistA_um               	30.000000
gPeakDeformation_um     	0.000000
gEPS                    	0.001000
gNumberOfEigenFunctions 	6

Omega Matrix (Discrete Sum)
225867.00000000	145.52041626	-170.30407715	138.34529114	-75.73274231	11.64273548	
145.52041626	1542254.37500000	353.92001343	-297.77923584	177.35360718	-46.99861908	
-170.30407715	353.92001343	3911270.50000000	385.71798706	-258.34463501	103.61241150	
138.34529114	-297.77923584	385.71798706	7333142.50000000	303.45135498	-179.93376160	
-75.73274231	177.35360718	-258.34463501	303.45135498	11807003.00000000	259.37445068	
11.64273548	-46.99861908	103.61241150	-179.93376160	259.37445068	17333752.00000000	

Omega Matrix -- Eigenvalues

225866.968750
1542254.875000
3911270.750000
7333141.500000
11807001.000000
17333752.000000

SetElectrodeArrayVoltage executed.
gMembraneStress_MPa     	3.000000
gMembraneThickness_um   	1.000000
gMembraneTension_NByM   	3.000000
gMembraneRadius_mm      	7.500000
gVoltageT_V             	1.578947
gVoltageA_V             	17.368422
gDistT_um               	30.000000
gDistA_um               	30.000000
gPeakDeformation_um     	0.000000
gEPS                    	0.001000
gNumberOfEigenFunctions 	6

Omega Matrix (Discrete Sum)
208694.81250000	166.92164612	-197.39421082	162.17044067	-89.81768799	13.79067516	
166.92164612	1525047.62500000	411.14056396	-348.26681519	208.61366272	-54.65549850	
-197.39421082	411.14056396	3894041.50000000	448.81066895	-300.14562988	118.58035278	
162.17044067	-348.26681519	448.81066895	7315920.50000000	348.46536255	-204.50399780	
-89.81768799	208.61366272	-300.14562988	348.46536255	11789797.00000000	294.84841919	
13.79067516	-54.65549850	118.58035278	-204.50399780	294.84841919	17316548.00000000	

Omega Matrix -- Eigenvalues

208694.875000
1525047.750000
3894042.500000
7315920.500000
11789793.000000
17316548.000000

SetElectrodeArrayVoltage executed.
gMembraneStress_MPa     	3.000000
gMembraneThickness_um   	1.000000
gMembraneTension_NByM   	3.000000
gMembraneRadius_mm      	7.500000
gVoltageT_V             	1.578947
gVoltageA_V             	18.947369
gDistT_um               	30.000000
gDistA_um               	30.000000
gPeakDeformation_um     	0.000000
gEPS                    	0.001000
gNumberOfEigenFunctions 	6

Omega Matrix (Discrete Sum)
189887.18750000	190.36108398	-227.06434631	188.26464844	-105.24406433	16.14317894	
190.36108398	1506202.25000000	473.81066895	-403.56277466	242.85086060	-63.04160309	
-227.06434631	473.81066895	3875172.00000000	517.91217041	-345.92767334	134.97381592	
188.26464844	-403.56277466	517.91217041	7297058.00000000	397.76641846	-231.41424561	
-105.24406433	242.85086060	-345.92767334	397.76641846	11770953.00000000	333.70080566	
16.14317894	-63.04160309	134.97381592	-231.41424561	333.70080566	17297708.00000000	

Omega Matrix -- Eigenvalues

189887.281250
1506203.000000
3875173.250000
7297059.000000
11770955.000000
17297708.000000

SetElectrodeArrayVoltage executed.
gMembraneStress_MPa     	3.000000
gMembraneThickness_um   	1.000000
gMembraneTension_NByM   	3.000000
gMembraneRadius_mm      	7.500000
gVoltageT_V             	1.578947
gVoltageA_V             	20.526317
gDistT_um               	30.000000
gDistA_um               	30.000000
gPeakDeformation_um     	0.000000
gEPS                    	0.001000
gNumberOfEigenFunctions 	6

Omega Matrix (Discrete Sum)
169444.09375000	215.83874512	-259.31448364	216.62791443	-122.01186371	18.70024872	
215.83874512	1485718.00000000	541.93035889	-463.66705322	280.06518555	-72.15693665	
-259.31448364	541.93035889	3854661.50000000	593.02252197	-395.69073486	152.79280090	
216.62791443	-463.66705322	593.02252197	7276555.50000000	451.35449219	-260.66452026	
-122.01186371	280.06518555	-395.69073486	451.35449219	11750470.00000000	375.93170166	
18.70024872	-72.15693665	152.79280090	-260.66452026	375.93170166	17277228.00000000	

Omega Matrix -- Eigenvalues

169444.250000
1485718.000000
3854660.250000
7276553.500000
11750469.000000
17277228.000000

SetElectrodeArrayVoltage executed.
gMembraneStress_MPa     	3.000000
gMembraneThickness_um   	1.000000
gMembraneTension_NByM   	3.000000
gMembraneRadius_mm      	7.500000
gVoltageT_V             	1.578947
gVoltageA_V             	22.105264
gDistT_um               	30.000000
gDistA_um               	30.000000
gPeakDeformation_um     	0.000000
gEPS                    	0.001000
gNumberOfEigenFunctions 	6

Omega Matrix (Discrete Sum)
147365.53125000	243.35464478	-294.14471436	247.26028442	-140.12110901	21.46188736	
243.35464478	1463595.00000000	615.49975586	-528.57977295	320.25674438	-82.00150299	
-294.14471436	615.49975586	3832510.25000000	674.14178467	-449.43493652	172.03732300	
247.26028442	-528.57977295	674.14178467	7254413.00000000	509.22973633	-292.25485229	
-140.12110901	320.25674438	-449.43493652	509.22973633	11728348.00000000	421.54110718	
21.46188736	-82.00150299	172.03732300	-292.25485229	421.54110718	17255110.00000000	

Omega Matrix -- Eigenvalues

147365.515625
1463595.000000
3832510.000000
7254412.000000
11728342.000000
17255110.000000

SetElectrodeArrayVoltage executed.
gMembraneStress_MPa     	3.000000
gMembraneThickness_um   	1.000000
gMembraneTension_NByM   	3.000000
gMembraneRadius_mm      	7.500000
gVoltageT_V             	1.578947
gVoltageA_V             	23.684211
gDistT_um               	30.000000
gDistA_um               	30.000000
gPeakDeformation_um     	0.000000
gEPS                    	0.001000
gNumberOfEigenFunctions 	6

Omega Matrix (Discrete Sum)
123651.56250000	272.90872192	-331.55487061	280.16168213	-159.57174683	24.42808914	
272.90872192	1439833.37500000	694.51861572	-598.30078125	363.42538452	-92.57529449	
-331.55487061	694.51861572	3808718.00000000	761.26977539	-507.16012573	192.70733643	
280.16168213	-598.30078125	761.26977539	7230630.00000000	571.39190674	-326.18518066	
-159.57174683	363.42538452	-507.16012573	571.39190674	11704588.00000000	470.52893066	
24.42808914	-92.57529449	192.70733643	-326.18518066	470.52893066	17231354.00000000	

Omega Matrix -- Eigenvalues

123651.414062
1439833.375000
3808717.750000
7230629.000000
11704585.000000
17231354.000000

SetElectrodeArrayVoltage executed.
gMembraneStress_MPa     	3.000000
gMembraneThickness_um   	1.000000
gMembraneTension_NByM   	3.000000
gMembraneRadius_mm      	7.500000
gVoltageT_V             	1.578947
gVoltageA_V             	25.263159
gDistT_um               	30.000000
gDistA_um               	30.000000
gPeakDeformation_um     	0.000000
gEPS                    	0.001000
gNumberOfEigenFunctions 	6

Omega Matrix (Discrete Sum)
98302.12500000	304.50100708	-371.54507446	315.33212280	-180.36381531	27.59885597	
304.50100708	1414433.00000000	778.98699951	-672.83007812	409.57116699	-103.87830353	
-371.54507446	778.98699951	3783285.25000000	854.40655518	-568.86639404	214.80287170	
315.33212280	-672.83007812	854.40655518	7205207.00000000	637.84118652	-362.45550537	
-180.36381531	409.57116699	-568.86639404	637.84118652	11679189.00000000	522.89520264	
27.59885597	-103.87830353	214.80287170	-362.45550537	522.89520264	17205960.00000000	

