Run time: Mon Mar 21 14:08:35 2005

SAValidate.exe  Version 2
Simulation Parameters:
gMembraneStress_MPa     	0.000000
gMembraneThickness_um   	0.000000
gMembraneTension_NByM   	0.000000
gMembraneRadius_mm      	0.000000
gVoltageT_V             	0.000000
gVoltageA_V             	0.000000
gDistT_um               	0.000000
gDistA_um               	0.000000
gPeakDeformation_um     	0.000000
gEPS                    	0.000000
gNumberOfEigenFunctions 	0

Begin Simulation -- 
Peak Deformation:     5.00 um

MatrixA
50156.019	4787.316	-598.236	215.752	-102.298	 56.681	-34.606	
4787.316	47942.501	5049.754	-751.060	298.105	-151.123	 87.507	
-598.236	5049.754	47675.741	5118.753	-804.265	332.284	-173.863	
215.752	-751.060	5118.753	47590.962	5151.254	-827.785	347.657	
-102.298	298.105	-804.265	5151.254	47551.807	5158.960	-834.778	
 56.681	-151.123	332.284	-827.785	5158.960	47542.326	5157.459	
-34.606	 87.507	-173.863	347.657	-834.778	5157.459	47530.878	

Omega Matrix
258325.328	-4787.316	598.236	-215.752	102.298	-56.681	 34.606	
-4787.316	1577145.500	-5049.753	751.060	-298.105	151.123	-87.507	
598.236	-5049.753	3946549.750	-5118.753	804.265	-332.284	173.863	
-215.752	751.060	-5118.753	7368476.500	-5151.254	827.785	-347.657	
102.298	-298.105	804.265	-5151.254	11842302.000	-5158.959	834.778	
-56.681	151.123	-332.284	827.785	-5158.959	17369046.000	-5157.459	
 34.606	-87.507	173.863	-347.657	834.778	-5157.459	23949748.000	

Omega Matrix -- Eigenvalues

258308.015625
1577152.750000
3946554.750000
7368480.000000
11842304.000000
17369044.000000
23949752.000000

Omega Matrix -- Eigenvectors
 -1.000	 -0.004	 -0.000	  0.000	 -0.000	  0.000	  0.000	
 -0.004	  1.000	  0.002	 -0.000	  0.000	 -0.000	 -0.000	
  0.000	  0.002	 -1.000	  0.001	 -0.000	  0.000	  0.000	
 -0.000	 -0.000	 -0.001	 -1.000	  0.001	 -0.000	 -0.000	
  0.000	  0.000	  0.000	 -0.001	 -1.000	  0.001	  0.000	
 -0.000	 -0.000	 -0.000	  0.000	 -0.001	 -1.000	 -0.001	
  0.000	  0.000	  0.000	 -0.000	  0.000	 -0.001	  1.000	

Product Matrix (Omega Eigenvectors):  E*E^T
  1.000	 -0.000	 -0.000	  0.000	  0.000	  0.000	  0.000	
 -0.000	  1.000	  0.000	 -0.000	  0.000	 -0.000	  0.000	
 -0.000	  0.000	  1.000	  0.000	  0.000	  0.000	 -0.000	
  0.000	 -0.000	  0.000	  1.000	  0.000	 -0.000	  0.000	
  0.000	  0.000	  0.000	  0.000	  1.000	  0.000	  0.000	
  0.000	 -0.000	  0.000	 -0.000	  0.000	  1.000	 -0.000	
  0.000	  0.000	 -0.000	  0.000	  0.000	 -0.000	  1.000	

Product Matrix (Membrane Eigenfunctions) E*E^T
  1.000	  0.000	 -0.000	  0.000	 -0.000	  0.000	 -0.000	
  0.000	  1.000	 -0.000	  0.000	 -0.000	  0.000	 -0.000	
 -0.000	 -0.000	  1.000	 -0.000	 -0.000	  0.000	 -0.000	
  0.000	  0.000	 -0.000	  1.000	  0.000	 -0.000	  0.000	
 -0.000	 -0.000	 -0.000	  0.000	  1.000	  0.000	  0.000	
  0.000	  0.000	  0.000	 -0.000	  0.000	  1.000	 -0.000	
 -0.000	 -0.000	 -0.000	  0.000	  0.000	 -0.000	  1.000	

